10000
15 15 (0, 0, 1)
319 15 (0, 0, 1)
1 1 (0, 0, 1)
40 8 (0, 0, 1)
6 6 (0, 0, 1)
22 6 (0, 0, 1)
243 3 (0, 0, 1)
358 6 (0, 0, 1)
1 1 (1, 0, 0)
233 9 (0, 0, 1)
115 3 (0, 0, 1)
19 3 (0, 0, 1)
18 2 (0, 0, 1)
107 11 (0, 0, 1)
5 5 (0, 0, 1)
6 6 (1, 0, 0)
661 5 (0, 0, 1)
1 1 (1, 0, 0)
77 13 (0, 0, 1)
972 12 (0, 0, 1)
29 13 (0, 0, 1)
48 0 (0, 0, 1)
851 3 (0, 0, 1)
481 1 (0, 0, 1)
868 4 (0, 0, 1)
142 14 (0, 0, 1)
3 3 (0, 0, 1)
17 1 (0, 0, 1)
41 9 (0, 0, 1)
1 1 (1, 0, 0)
1 1 (1, 0, 0)
10 10 (0, 0, 1)
4 4 (0, 0, 1)
5 5 (1, 0, 0)
1 1 (1, 0, 0)
1 1 (1, 0, 0)
29 13 (1, 0, 0)
139 11 (0, 0, 1)
2 2 (0, 0, 1)
812 12 (0, 0, 1)
3 3 (1, 0, 0)
6 6 (1, 0, 0)
10 10 (1, 0, 0)
614 6 (0, 0, 1)
129 1 (0, 0, 1)
603 11 (0, 0, 1)
1 1 (1, 0, 0)
14 14 (0, 0, 1)
5 5 (1, 0, 0)
79 15 (0, 0, 1)
230 6 (0, 0, 1)
7 7 (0, 0, 1)
77 13 (1, 0, 0)
465 1 (0, 0, 1)
120 8 (0, 0, 1)
32 0 (0, 0, 1)
21 5 (0, 0, 1)
14 14 (1, 0, 0)
87 7 (0, 0, 1)
17 1 (1, 0, 0)
2 2 (1, 0, 0)
6 6 (0, 1, 0)
214 6 (0, 0, 1)
3 3 (1, 0, 0)
75 11 (0, 0, 1)
32 0 (1, 0, 0)
451 3 (0, 0, 1)
1 1 (0, 1, 0)
237 13 (0, 0, 1)
1 1 (0, 1, 0)
3 3 (1, 0, 0)
822 6 (0, 0, 1)
25 9 (0, 0, 1)
2 2 (1, 0, 0)
48 0 (1, 0, 0)
7 7 (1, 0, 0)
41 9 (1, 0, 0)
2 2 (1, 0, 0)
262 6 (0, 0, 1)
28 12 (0, 0, 1)
9 9 (0, 0, 1)
123 11 (0, 0, 1)
380 12 (0, 0, 1)
1 1 (0, 1, 0)
1 1 (0, 1, 0)
64 0 (0, 0, 1)
22 6 (0, 1, 0)
17 1 (1, 0, 0)
2 2 (1, 0, 0)
7 7 (1, 0, 0)
133 5 (0, 0, 1)
103 7 (0, 0, 1)
222 14 (0, 0, 1)
2 2 (1, 0, 0)
3 3 (1, 0, 0)
101 5 (0, 0, 1)
5 5 (0, 1, 0)
3 3 (1, 0, 0)
5 5 (0, 1, 0)
2 2 (1, 0, 0)
100
Hit front  33
Hit main  8
Hit miss  59
0.41
5 5 (0, 1, 0)
3 3 (1, 0, 0)
3 3 (1, 0, 0)
731 11 (0, 0, 1)
24 8 (0, 0, 1)
436 4 (0, 0, 1)
19 3 (1, 0, 0)
52 4 (0, 0, 1)
398 14 (0, 0, 1)
518 6 (0, 0, 1)
28 12 (1, 0, 0)
3 3 (1, 0, 0)
56 8 (0, 0, 1)
3 3 (1, 0, 0)
1 1 (0, 1, 0)
28 12 (1, 0, 0)
149 5 (0, 0, 1)
3 3 (1, 0, 0)
162 2 (0, 0, 1)
238 14 (0, 0, 1)
1 1 (0, 1, 0)
261 5 (0, 0, 1)
84 4 (0, 0, 1)
209 1 (0, 0, 1)
314 10 (0, 0, 1)
43 11 (0, 0, 1)
13 13 (0, 0, 1)
3 3 (1, 0, 0)
7 7 (1, 0, 0)
5 5 (0, 1, 0)
37 5 (0, 0, 1)
88 8 (0, 0, 1)
243 3 (0, 1, 0)
3 3 (1, 0, 0)
75 11 (1, 0, 0)
8 8 (0, 0, 1)
1 1 (0, 1, 0)
85 5 (0, 0, 1)
3 3 (1, 0, 0)
113 1 (0, 0, 1)
42 10 (0, 0, 1)
2 2 (1, 0, 0)
50 2 (0, 0, 1)
163 3 (0, 0, 1)
5 5 (0, 1, 0)
47 15 (0, 0, 1)
9 9 (1, 0, 0)
63 15 (0, 0, 1)
760 8 (0, 0, 1)
18 2 (1, 0, 0)
447 15 (0, 0, 1)
25 9 (1, 0, 0)
737 1 (0, 0, 1)
3 3 (1, 0, 0)
87 7 (1, 0, 0)
95 15 (0, 0, 1)
506 10 (0, 0, 1)
57 9 (0, 0, 1)
1 1 (0, 1, 0)
1 1 (0, 1, 0)
4 4 (1, 0, 0)
1 1 (0, 1, 0)
47 15 (1, 0, 0)
2 2 (1, 0, 0)
1 1 (0, 1, 0)
2 2 (1, 0, 0)
1 1 (0, 1, 0)
980 4 (0, 0, 1)
106 10 (0, 0, 1)
2 2 (1, 0, 0)
15 15 (0, 1, 0)
5 5 (0, 1, 0)
362 10 (0, 0, 1)
28 12 (1, 0, 0)
136 8 (0, 0, 1)
686 14 (0, 0, 1)
82 2 (0, 0, 1)
4 4 (0, 1, 0)
138 10 (0, 0, 1)
2 2 (1, 0, 0)
2 2 (1, 0, 0)
1 1 (0, 1, 0)
2 2 (1, 0, 0)
5 5 (0, 1, 0)
39 7 (0, 0, 1)
4 4 (0, 1, 0)
6 6 (0, 1, 0)
4 4 (0, 1, 0)
10 10 (0, 1, 0)
234 10 (0, 0, 1)
140 12 (0, 0, 1)
77 13 (1, 0, 0)
203 11 (0, 0, 1)
52 4 (1, 0, 0)
2 2 (1, 0, 0)
23 7 (0, 0, 1)
62 14 (0, 0, 1)
8 8 (1, 0, 0)
1 1 (0, 1, 0)
17 1 (0, 1, 0)
200
Hit front  65
Hit main  31
Hit miss  104
0.48
19 3 (0, 1, 0)
672 0 (0, 0, 1)
46 14 (0, 0, 1)
4 4 (0, 1, 0)
3 3 (1, 0, 0)
14 14 (0, 1, 0)
5 5 (0, 1, 0)
1 1 (0, 1, 0)
1 1 (0, 1, 0)
14 14 (0, 1, 0)
230 6 (0, 1, 0)
47 15 (1, 0, 0)
113 1 (1, 0, 0)
20 4 (0, 0, 1)
387 3 (0, 0, 1)
254 14 (0, 0, 1)
154 10 (0, 0, 1)
616 8 (0, 0, 1)
81 1 (0, 0, 1)
8 8 (1, 0, 0)
20 4 (1, 0, 0)
99 3 (0, 0, 1)
2 2 (1, 0, 0)
2 2 (1, 0, 0)
4 4 (0, 1, 0)
11 11 (0, 0, 1)
47 15 (1, 0, 0)
1 1 (0, 1, 0)
43 11 (1, 0, 0)
165 5 (0, 0, 1)
333 13 (0, 0, 1)
9 9 (1, 0, 0)
2 2 (1, 0, 0)
5 5 (0, 1, 0)
3 3 (0, 1, 0)
4 4 (0, 1, 0)
6 6 (0, 1, 0)
1 1 (0, 1, 0)
758 6 (0, 0, 1)
178 2 (0, 0, 1)
927 15 (0, 0, 1)
379 11 (0, 0, 1)
347 11 (0, 0, 1)
620 12 (0, 0, 1)
1 1 (0, 1, 0)
53 5 (0, 0, 1)
18 2 (0, 1, 0)
18 2 (0, 1, 0)
1 1 (0, 1, 0)
29 13 (1, 0, 0)
3 3 (0, 1, 0)
232 8 (0, 0, 1)
33 1 (0, 0, 1)
1 1 (0, 1, 0)
5 5 (0, 1, 0)
56 8 (0, 1, 0)
274 2 (0, 0, 1)
56 8 (0, 1, 0)
6 6 (0, 1, 0)
94 14 (0, 0, 1)
810 10 (0, 0, 1)
66 2 (0, 0, 1)
14 14 (0, 1, 0)
2 2 (0, 1, 0)
1 1 (0, 1, 0)
124 12 (0, 0, 1)
253 13 (0, 0, 1)
4 4 (0, 1, 0)
50 2 (0, 1, 0)
69 5 (0, 0, 1)
494 14 (0, 0, 1)
2 2 (0, 1, 0)
4 4 (0, 1, 0)
2 2 (0, 1, 0)
444 12 (0, 0, 1)
17 1 (0, 1, 0)
4 4 (0, 1, 0)
70 6 (0, 0, 1)
3 3 (0, 1, 0)
4 4 (0, 1, 0)
41 9 (1, 0, 0)
237 13 (1, 0, 0)
1 1 (0, 1, 0)
6 6 (0, 1, 0)
12 12 (0, 0, 1)
4 4 (0, 1, 0)
586 10 (0, 0, 1)
24 8 (0, 1, 0)
260 4 (0, 0, 1)
8 8 (0, 1, 0)
1 1 (0, 1, 0)
39 7 (1, 0, 0)
64 0 (1, 0, 0)
18 2 (0, 1, 0)
37 5 (0, 1, 0)
126 14 (0, 0, 1)
121 9 (0, 0, 1)
9 9 (1, 0, 0)
1 1 (0, 1, 0)
34 2 (0, 0, 1)
300
Hit front  82
Hit main  77
Hit miss  141
0.53
31 15 (0, 0, 1)
53 5 (1, 0, 0)
13 13 (1, 0, 0)
930 2 (0, 0, 1)
1 1 (0, 1, 0)
3 3 (0, 1, 0)
203 11 (1, 0, 0)
13 13 (1, 0, 0)
538 10 (0, 0, 1)
16 0 (0, 0, 1)
9 9 (1, 0, 0)
1 1 (0, 1, 0)
53 5 (1, 0, 0)
317 13 (0, 0, 1)
31 15 (1, 0, 0)
1 1 (0, 1, 0)
124 12 (1, 0, 0)
6 6 (0, 1, 0)
150 6 (0, 0, 1)
39 7 (1, 0, 0)
63 15 (0, 1, 0)
87 7 (1, 0, 0)
110 14 (0, 0, 1)
3 3 (0, 1, 0)
8 8 (0, 1, 0)
1 1 (0, 1, 0)
31 15 (1, 0, 0)
19 3 (0, 1, 0)
118 6 (0, 0, 1)
251 11 (0, 0, 1)
2 2 (0, 1, 0)
135 7 (0, 0, 1)
30 14 (0, 0, 1)
118 6 (1, 0, 0)
47 15 (0, 1, 0)
1 1 (0, 1, 0)
21 5 (0, 1, 0)
2 2 (0, 1, 0)
104 8 (0, 0, 1)
3 3 (0, 1, 0)
231 7 (0, 0, 1)
160 0 (0, 0, 1)
1 1 (0, 1, 0)
28 12 (0, 1, 0)
127 15 (0, 0, 1)
124 12 (1, 0, 0)
4 4 (0, 1, 0)
134 6 (0, 0, 1)
200 8 (0, 0, 1)
520 8 (0, 0, 1)
490 10 (0, 0, 1)
80 0 (0, 0, 1)
1 1 (0, 1, 0)
2 2 (0, 1, 0)
519 7 (0, 0, 1)
4 4 (0, 1, 0)
9 9 (1, 0, 0)
9 9 (1, 0, 0)
72 8 (0, 0, 1)
1 1 (0, 1, 0)
1 1 (0, 1, 0)
5 5 (0, 1, 0)
2 2 (0, 1, 0)
182 6 (0, 0, 1)
407 7 (0, 0, 1)
31 15 (1, 0, 0)
840 8 (0, 0, 1)
2 2 (0, 1, 0)
3 3 (0, 1, 0)
160 0 (1, 0, 0)
675 3 (0, 0, 1)
24 8 (0, 1, 0)
10 10 (0, 1, 0)
935 7 (0, 0, 1)
237 13 (0, 1, 0)
12 12 (1, 0, 0)
731 11 (0, 1, 0)
718 14 (0, 0, 1)
8 8 (0, 1, 0)
12 12 (1, 0, 0)
65 1 (0, 0, 1)
869 5 (0, 0, 1)
8 8 (0, 1, 0)
489 9 (0, 0, 1)
6 6 (0, 1, 0)
1 1 (0, 1, 0)
10 10 (0, 1, 0)
5 5 (0, 1, 0)
2 2 (0, 1, 0)
83 3 (0, 0, 1)
656 0 (0, 0, 1)
72 8 (1, 0, 0)
152 8 (0, 0, 1)
675 3 (1, 0, 0)
44 12 (0, 0, 1)
2 2 (0, 1, 0)
12 12 (1, 0, 0)
2 2 (0, 1, 0)
151 7 (0, 0, 1)
15 15 (0, 1, 0)
400
Hit front  104
Hit main  119
Hit miss  177
0.5575
182 6 (1, 0, 0)
68 4 (0, 0, 1)
1 1 (0, 1, 0)
224 0 (0, 0, 1)
10 10 (0, 1, 0)
111 15 (0, 0, 1)
26 10 (0, 0, 1)
15 15 (0, 1, 0)
1 1 (0, 1, 0)
3 3 (0, 1, 0)
90 10 (0, 0, 1)
5 5 (0, 1, 0)
8 8 (0, 1, 0)
751 15 (0, 0, 1)
4 4 (0, 1, 0)
53 5 (1, 0, 0)
752 0 (0, 0, 1)
75 11 (0, 1, 0)
4 4 (0, 1, 0)
6 6 (0, 1, 0)
1 1 (0, 1, 0)
511 15 (0, 0, 1)
481 1 (0, 1, 0)
3 3 (0, 1, 0)
5 5 (0, 1, 0)
51 3 (0, 0, 1)
1 1 (0, 1, 0)
1 1 (0, 1, 0)
88 8 (0, 1, 0)
224 0 (1, 0, 0)
1 1 (0, 1, 0)
2 2 (0, 1, 0)
72 8 (1, 0, 0)
22 6 (0, 1, 0)
1 1 (0, 1, 0)
2 2 (0, 1, 0)
6 6 (0, 1, 0)
2 2 (0, 1, 0)
912 0 (0, 0, 1)
1 1 (0, 1, 0)
42 10 (0, 1, 0)
407 7 (1, 0, 0)
41 9 (0, 1, 0)
2 2 (0, 1, 0)
1 1 (0, 1, 0)
577 1 (0, 0, 1)
1 1 (0, 1, 0)
5 5 (0, 1, 0)
888 8 (0, 0, 1)
484 4 (0, 0, 1)
290 2 (0, 0, 1)
3 3 (0, 1, 0)
2 2 (0, 1, 0)
5 5 (0, 1, 0)
12 12 (1, 0, 0)
355 3 (0, 0, 1)
239 15 (0, 0, 1)
2 2 (0, 1, 0)
24 8 (0, 1, 0)
29 13 (0, 1, 0)
1 1 (0, 1, 0)
40 8 (0, 1, 0)
2 2 (0, 1, 0)
198 6 (0, 0, 1)
967 7 (0, 0, 1)
43 11 (0, 1, 0)
19 3 (0, 1, 0)
607 15 (0, 0, 1)
316 12 (0, 0, 1)
4 4 (0, 1, 0)
526 14 (0, 0, 1)
34 2 (1, 0, 0)
5 5 (0, 1, 0)
123 11 (0, 1, 0)
1 1 (0, 1, 0)
2 2 (0, 1, 0)
18 2 (0, 1, 0)
242 2 (0, 0, 1)
6 6 (0, 1, 0)
9 9 (1, 0, 0)
2 2 (0, 1, 0)
1 1 (0, 1, 0)
34 2 (1, 0, 0)
9 9 (1, 0, 0)
685 13 (0, 0, 1)
39 7 (0, 1, 0)
741 5 (0, 0, 1)
6 6 (0, 1, 0)
376 8 (0, 0, 1)
1 1 (0, 1, 0)
730 10 (0, 0, 1)
1 1 (0, 1, 0)
6 6 (0, 1, 0)
44 12 (1, 0, 0)
1 1 (0, 1, 0)
1 1 (0, 1, 0)
76 12 (0, 0, 1)
5 5 (0, 1, 0)
1 1 (0, 1, 0)
73 9 (0, 0, 1)
500
Hit front  115
Hit main  180
Hit miss  205
0.59
9 9 (0, 1, 0)
2 2 (0, 1, 0)
121 9 (1, 0, 0)
717 13 (0, 0, 1)
3 3 (0, 1, 0)
283 11 (0, 0, 1)
4 4 (0, 1, 0)
5 5 (0, 1, 0)
2 2 (0, 1, 0)
3 3 (0, 1, 0)
85 5 (0, 1, 0)
4 4 (0, 1, 0)
32 0 (0, 1, 0)
2 2 (0, 1, 0)
3 3 (0, 1, 0)
29 13 (0, 1, 0)
445 13 (0, 0, 1)
402 2 (0, 0, 1)
55 7 (0, 0, 1)
2 2 (0, 1, 0)
296 8 (0, 0, 1)
416 0 (0, 0, 1)
10 10 (0, 1, 0)
53 5 (1, 0, 0)
61 13 (0, 0, 1)
344 8 (0, 0, 1)
649 9 (0, 0, 1)
286 14 (0, 0, 1)
2 2 (0, 1, 0)
70 6 (0, 1, 0)
5 5 (0, 1, 0)
82 2 (0, 1, 0)
52 4 (0, 1, 0)
10 10 (0, 1, 0)
290 2 (1, 0, 0)
18 2 (0, 1, 0)
17 1 (0, 1, 0)
22 6 (0, 1, 0)
1 1 (0, 1, 0)
36 4 (0, 0, 1)
189 13 (0, 0, 1)
79 15 (0, 1, 0)
337 1 (0, 0, 1)
725 5 (0, 0, 1)
882 2 (0, 0, 1)
16 0 (0, 1, 0)
2 2 (0, 1, 0)
567 7 (0, 0, 1)
204 12 (0, 0, 1)
150 6 (0, 1, 0)
1 1 (0, 1, 0)
19 3 (0, 1, 0)
5 5 (0, 1, 0)
125 13 (0, 0, 1)
8 8 (0, 1, 0)
10 10 (0, 1, 0)
52 4 (0, 1, 0)
447 15 (0, 1, 0)
6 6 (0, 1, 0)
111 15 (0, 1, 0)
208 0 (0, 0, 1)
969 9 (0, 0, 1)
3 3 (0, 1, 0)
71 7 (0, 0, 1)
1 1 (0, 1, 0)
4 4 (0, 1, 0)
11 11 (0, 1, 0)
555 11 (0, 0, 1)
746 10 (0, 0, 1)
17 1 (0, 1, 0)
19 3 (0, 1, 0)
12 12 (0, 1, 0)
7 7 (0, 1, 0)
2 2 (0, 1, 0)
274 2 (0, 1, 0)
12 12 (0, 1, 0)
111 15 (0, 1, 0)
7 7 (0, 1, 0)
1 1 (0, 1, 0)
13 13 (0, 1, 0)
4 4 (0, 1, 0)
9 9 (0, 1, 0)
2 2 (0, 1, 0)
70 6 (0, 1, 0)
2 2 (0, 1, 0)
540 12 (0, 0, 1)
287 15 (0, 0, 1)
266 10 (0, 0, 1)
16 0 (0, 1, 0)
337 1 (1, 0, 0)
2 2 (0, 1, 0)
2 2 (0, 1, 0)
599 7 (0, 0, 1)
140 12 (0, 1, 0)
1 1 (0, 1, 0)
362 10 (0, 1, 0)
6 6 (0, 1, 0)
37 5 (0, 1, 0)
76 12 (1, 0, 0)
5 5 (0, 1, 0)
600
Hit front  120
Hit main  247
Hit miss  233
0.6116666666666667
1 1 (0, 1, 0)
2 2 (0, 1, 0)
3 3 (0, 1, 0)
936 8 (0, 0, 1)
1 1 (0, 1, 0)
419 3 (0, 0, 1)
4 4 (0, 1, 0)
749 13 (0, 0, 1)
1 1 (0, 1, 0)
69 5 (1, 0, 0)
633 9 (0, 0, 1)
1 1 (0, 1, 0)
728 8 (0, 0, 1)
572 12 (0, 0, 1)
684 12 (0, 0, 1)
321 1 (0, 0, 1)
83 3 (1, 0, 0)
131 3 (0, 0, 1)
5 5 (0, 1, 0)
18 2 (0, 1, 0)
2 2 (0, 1, 0)
274 2 (0, 1, 0)
16 0 (0, 1, 0)
7 7 (0, 1, 0)
9 9 (0, 1, 0)
127 15 (0, 1, 0)
7 7 (0, 1, 0)
9 9 (0, 1, 0)
888 8 (0, 0, 1)
1 1 (0, 1, 0)
1 1 (0, 1, 0)
167 7 (0, 0, 1)
2 2 (0, 1, 0)
8 8 (0, 1, 0)
6 6 (0, 1, 0)
2 2 (0, 1, 0)
9 9 (0, 1, 0)
6 6 (0, 1, 0)
25 9 (0, 1, 0)
202 10 (0, 0, 1)
799 15 (0, 0, 1)
3 3 (0, 1, 0)
33 1 (0, 1, 0)
11 11 (0, 1, 0)
27 11 (0, 0, 1)
16 0 (0, 1, 0)
5 5 (0, 1, 0)
17 1 (0, 1, 0)
65 1 (1, 0, 0)
959 15 (0, 0, 1)
2 2 (0, 1, 0)
748 12 (0, 0, 1)
1 1 (0, 1, 0)
1 1 (0, 1, 0)
23 7 (0, 1, 0)
6 6 (0, 1, 0)
189 13 (1, 0, 0)
1 1 (0, 1, 0)
12 12 (0, 1, 0)
30 14 (1, 0, 0)
476 12 (0, 0, 1)
12 12 (0, 1, 0)
1 1 (0, 1, 0)
15 15 (0, 1, 0)
7 7 (0, 1, 0)
5 5 (0, 1, 0)
42 10 (0, 1, 0)
290 2 (1, 0, 0)
1 1 (0, 1, 0)
20 4 (0, 1, 0)
1 1 (0, 1, 0)
440 8 (0, 0, 1)
11 11 (0, 1, 0)
142 14 (0, 1, 0)
4 4 (0, 1, 0)
4 4 (0, 1, 0)
1 1 (0, 1, 0)
6 6 (0, 1, 0)
1 1 (0, 1, 0)
125 13 (1, 0, 0)
869 5 (1, 0, 0)
116 4 (0, 0, 1)
5 5 (0, 1, 0)
26 10 (0, 1, 0)
1 1 (0, 1, 0)
5 5 (0, 1, 0)
526 14 (1, 0, 0)
447 15 (0, 1, 0)
1 1 (0, 1, 0)
1 1 (0, 1, 0)
50 2 (0, 1, 0)
1 1 (0, 1, 0)
3 3 (0, 1, 0)
731 11 (0, 1, 0)
12 12 (0, 1, 0)
6 6 (0, 1, 0)
5 5 (0, 1, 0)
608 0 (0, 0, 1)
520 8 (0, 1, 0)
1 1 (0, 1, 0)
700
Hit front  129
Hit main  318
Hit miss  253
0.6385714285714286
128 0 (0, 0, 1)
1 1 (0, 1, 0)
56 8 (0, 1, 0)
41 9 (0, 1, 0)
22 6 (0, 1, 0)
2 2 (0, 1, 0)
16 0 (0, 1, 0)
600 8 (0, 0, 1)
439 7 (0, 0, 1)
2 2 (0, 1, 0)
3 3 (0, 1, 0)
65 1 (1, 0, 0)
927 15 (0, 1, 0)
18 2 (0, 1, 0)
120 8 (0, 1, 0)
1 1 (0, 1, 0)
18 2 (0, 1, 0)
7 7 (0, 1, 0)
193 1 (0, 0, 1)
280 8 (0, 0, 1)
53 5 (0, 1, 0)
381 13 (0, 0, 1)
208 0 (1, 0, 0)
43 11 (0, 1, 0)
160 0 (0, 1, 0)
9 9 (0, 1, 0)
17 1 (0, 1, 0)
326 6 (0, 0, 1)
2 2 (0, 1, 0)
12 12 (0, 1, 0)
1 1 (0, 1, 0)
949 5 (0, 0, 1)
25 9 (0, 1, 0)
1 1 (0, 1, 0)
2 2 (0, 1, 0)
4 4 (0, 1, 0)
10 10 (0, 1, 0)
9 9 (0, 1, 0)
41 9 (0, 1, 0)
154 10 (0, 1, 0)
4 4 (0, 1, 0)
41 9 (0, 1, 0)
124 12 (0, 1, 0)
4 4 (0, 1, 0)
4 4 (0, 1, 0)
77 13 (0, 1, 0)
54 6 (0, 0, 1)
267 11 (0, 0, 1)
1 1 (0, 1, 0)
1 1 (0, 1, 0)
4 4 (0, 1, 0)
60 12 (0, 0, 1)
70 6 (0, 1, 0)
45 13 (0, 0, 1)
884 4 (0, 0, 1)
1 1 (0, 1, 0)
121 9 (0, 1, 0)
857 9 (0, 0, 1)
609 1 (0, 0, 1)
247 7 (0, 0, 1)
101 5 (0, 1, 0)
98 2 (0, 0, 1)
592 0 (0, 0, 1)
829 13 (0, 0, 1)
3 3 (0, 1, 0)
11 11 (0, 1, 0)
425 9 (0, 0, 1)
171 11 (0, 0, 1)
2 2 (0, 1, 0)
20 4 (0, 1, 0)
904 8 (0, 0, 1)
231 7 (0, 1, 0)
3 3 (0, 1, 0)
2 2 (0, 1, 0)
3 3 (0, 1, 0)
166 6 (0, 0, 1)
1 1 (0, 1, 0)
3 3 (0, 1, 0)
1 1 (0, 1, 0)
18 2 (0, 1, 0)
20 4 (0, 1, 0)
24 8 (0, 1, 0)
1 1 (0, 1, 0)
112 0 (0, 0, 1)
17 1 (0, 1, 0)
2 2 (0, 1, 0)
524 12 (0, 0, 1)
213 5 (0, 0, 1)
212 4 (0, 0, 1)
138 10 (0, 1, 0)
15 15 (0, 1, 0)
62 14 (0, 1, 0)
344 8 (0, 0, 1)
1 1 (0, 1, 0)
1 1 (0, 1, 0)
1 1 (0, 1, 0)
72 8 (0, 1, 0)
115 3 (0, 1, 0)
50 2 (0, 1, 0)
570 10 (0, 0, 1)
800
Hit front  131
Hit main  387
Hit miss  282
0.6475
48 0 (0, 1, 0)
533 5 (0, 0, 1)
2 2 (0, 1, 0)
387 3 (0, 1, 0)
569 9 (0, 0, 1)
5 5 (0, 1, 0)
132 4 (0, 0, 1)
890 10 (0, 0, 1)
548 4 (0, 0, 1)
728 8 (0, 0, 1)
413 13 (0, 0, 1)
5 5 (0, 1, 0)
1 1 (0, 1, 0)
730 10 (0, 1, 0)
75 11 (0, 1, 0)
8 8 (0, 1, 0)
116 4 (0, 1, 0)
19 3 (0, 1, 0)
17 1 (0, 1, 0)
16 0 (0, 1, 0)
72 8 (0, 1, 0)
1 1 (0, 1, 0)
110 14 (0, 1, 0)
9 9 (0, 1, 0)
1 1 (0, 1, 0)
1 1 (0, 1, 0)
6 6 (0, 1, 0)
49 1 (0, 0, 1)
350 14 (0, 0, 1)
2 2 (0, 1, 0)
6 6 (0, 1, 0)
198 6 (1, 0, 0)
7 7 (0, 1, 0)
8 8 (0, 1, 0)
669 13 (0, 0, 1)
256 0 (0, 0, 1)
4 4 (0, 1, 0)
269 13 (0, 0, 1)
66 2 (0, 1, 0)
20 4 (0, 1, 0)
6 6 (0, 1, 0)
886 6 (0, 0, 1)
14 14 (0, 1, 0)
119 7 (0, 0, 1)
682 10 (0, 0, 1)
983 7 (0, 0, 1)
12 12 (0, 1, 0)
3 3 (0, 1, 0)
852 4 (0, 0, 1)
151 7 (0, 1, 0)
50 2 (0, 1, 0)
10 10 (0, 1, 0)
42 10 (0, 1, 0)
1 1 (0, 1, 0)
174 14 (0, 0, 1)
477 13 (0, 0, 1)
548 4 (1, 0, 0)
4 4 (0, 1, 0)
49 1 (1, 0, 0)
684 12 (0, 1, 0)
600 8 (0, 0, 1)
11 11 (0, 1, 0)
1 1 (0, 1, 0)
2 2 (0, 1, 0)
15 15 (0, 1, 0)
23 7 (0, 1, 0)
1 1 (0, 1, 0)
46 14 (0, 1, 0)
17 1 (0, 1, 0)
2 2 (0, 1, 0)
285 13 (0, 0, 1)
9 9 (0, 1, 0)
3 3 (0, 1, 0)
3 3 (0, 1, 0)
22 6 (0, 1, 0)
1 1 (0, 1, 0)
9 9 (0, 1, 0)
654 14 (0, 0, 1)
235 11 (0, 0, 1)
1 1 (0, 1, 0)
4 4 (0, 1, 0)
34 2 (0, 1, 0)
21 5 (0, 1, 0)
28 12 (0, 1, 0)
4 4 (0, 1, 0)
178 2 (0, 1, 0)
46 14 (0, 1, 0)
37 5 (0, 1, 0)
385 1 (0, 0, 1)
31 15 (0, 1, 0)
6 6 (0, 1, 0)
22 6 (0, 1, 0)
1 1 (0, 1, 0)
362 10 (0, 1, 0)
18 2 (0, 1, 0)
96 0 (0, 0, 1)
549 5 (0, 0, 1)
167 7 (0, 0, 1)
4 4 (0, 1, 0)
31 15 (0, 1, 0)
900
Hit front  134
Hit main  457
Hit miss  309
0.6566666666666666
7 7 (0, 1, 0)
31 15 (0, 1, 0)
2 2 (0, 1, 0)
1 1 (0, 1, 0)
14 14 (0, 1, 0)
56 8 (0, 1, 0)
883 3 (0, 0, 1)
953 9 (0, 0, 1)
30 14 (0, 1, 0)
13 13 (0, 1, 0)
1 1 (0, 1, 0)
2 2 (0, 1, 0)
2 2 (0, 1, 0)
1 1 (0, 1, 0)
27 11 (1, 0, 0)
2 2 (0, 1, 0)
224 0 (0, 1, 0)
8 8 (0, 1, 0)
26 10 (0, 1, 0)
304 0 (0, 0, 1)
1 1 (0, 1, 0)
1 1 (0, 1, 0)
3 3 (0, 1, 0)
1 1 (0, 1, 0)
663 7 (0, 0, 1)
186 10 (0, 0, 1)
833 1 (0, 0, 1)
766 14 (0, 0, 1)
340 4 (0, 0, 1)
21 5 (0, 1, 0)
58 10 (0, 0, 1)
34 2 (0, 1, 0)
231 7 (0, 1, 0)
6 6 (0, 1, 0)
1 1 (0, 1, 0)
51 3 (0, 1, 0)
36 4 (0, 1, 0)
137 9 (0, 0, 1)
660 4 (0, 0, 1)
3 3 (0, 1, 0)
15 15 (0, 1, 0)
1 1 (0, 1, 0)
881 1 (0, 0, 1)
4 4 (0, 1, 0)
45 13 (0, 1, 0)
16 0 (0, 1, 0)
3 3 (0, 1, 0)
532 4 (0, 0, 1)
17 1 (0, 1, 0)
54 6 (1, 0, 0)
179 3 (0, 0, 1)
35 3 (0, 0, 1)
4 4 (0, 1, 0)
17 1 (0, 1, 0)
56 8 (0, 1, 0)
104 8 (0, 1, 0)
30 14 (0, 1, 0)
1 1 (0, 1, 0)
7 7 (0, 1, 0)
6 6 (0, 1, 0)
633 9 (0, 1, 0)
2 2 (0, 1, 0)
50 2 (0, 1, 0)
252 12 (0, 0, 1)
245 5 (0, 0, 1)
80 0 (0, 1, 0)
741 5 (0, 1, 0)
1 1 (0, 1, 0)
16 0 (0, 1, 0)
198 6 (0, 1, 0)
9 9 (0, 1, 0)
3 3 (0, 1, 0)
11 11 (0, 1, 0)
1 1 (0, 1, 0)
96 0 (1, 0, 0)
31 15 (0, 1, 0)
613 5 (0, 0, 1)
1 1 (0, 1, 0)
135 7 (0, 1, 0)
978 2 (0, 0, 1)
786 2 (0, 0, 1)
10 10 (0, 1, 0)
354 2 (0, 0, 1)
138 10 (0, 1, 0)
935 7 (0, 1, 0)
8 8 (0, 1, 0)
10 10 (0, 1, 0)
1 1 (0, 1, 0)
495 15 (0, 0, 1)
4 4 (0, 1, 0)
1 1 (0, 1, 0)
34 2 (0, 1, 0)
995 3 (0, 0, 1)
2 2 (0, 1, 0)
4 4 (0, 1, 0)
1 1 (0, 1, 0)
108 12 (0, 0, 1)
240 0 (0, 0, 1)
3 3 (0, 1, 0)
114 2 (0, 0, 1)
1000
Hit front  137
Hit main  528
Hit miss  335
0.665
Hit front  137
Hit main  528
Hit miss  335
0.665
