914145
1 1 (0, 0, 1)
2 2 (0, 0, 1)
3 3 (0, 0, 1)
4 4 (0, 0, 1)
5 5 (0, 0, 1)
6 6 (0, 0, 1)
7 7 (0, 0, 1)
8 8 (0, 0, 1)
9 9 (0, 0, 1)
10 10 (0, 0, 1)
11 11 (0, 0, 1)
12 12 (0, 0, 1)
13 13 (0, 0, 1)
14 14 (0, 0, 1)
15 15 (0, 0, 1)
16 0 (0, 0, 1)
17 1 (0, 0, 1)
18 2 (0, 0, 1)
19 3 (0, 0, 1)
20 4 (0, 0, 1)
21 5 (0, 0, 1)
22 6 (0, 0, 1)
23 7 (0, 0, 1)
24 8 (0, 0, 1)
25 9 (0, 0, 1)
26 10 (0, 0, 1)
27 11 (0, 0, 1)
28 12 (0, 0, 1)
29 13 (0, 0, 1)
30 14 (0, 0, 1)
31 15 (0, 0, 1)
32 0 (0, 0, 1)
33 1 (0, 0, 1)
34 2 (0, 0, 1)
35 3 (0, 0, 1)
36 4 (0, 0, 1)
37 5 (0, 0, 1)
38 6 (0, 0, 1)
39 7 (0, 0, 1)
40 8 (0, 0, 1)
41 9 (0, 0, 1)
42 10 (0, 0, 1)
43 11 (0, 0, 1)
44 12 (0, 0, 1)
45 13 (0, 0, 1)
46 14 (0, 0, 1)
47 15 (0, 0, 1)
48 0 (0, 0, 1)
49 1 (0, 0, 1)
50 2 (0, 0, 1)
51 3 (0, 0, 1)
52 4 (0, 0, 1)
53 5 (0, 0, 1)
54 6 (0, 0, 1)
55 7 (0, 0, 1)
56 8 (0, 0, 1)
57 9 (0, 0, 1)
58 10 (0, 0, 1)
59 11 (0, 0, 1)
60 12 (0, 0, 1)
61 13 (0, 0, 1)
62 14 (0, 0, 1)
63 15 (0, 0, 1)
64 0 (0, 0, 1)
65 1 (0, 0, 1)
66 2 (0, 0, 1)
67 3 (0, 0, 1)
68 4 (0, 0, 1)
69 5 (0, 0, 1)
70 6 (0, 0, 1)
71 7 (0, 0, 1)
72 8 (0, 0, 1)
73 9 (0, 0, 1)
74 10 (0, 0, 1)
75 11 (0, 0, 1)
76 12 (0, 0, 1)
77 13 (0, 0, 1)
78 14 (0, 0, 1)
67 3 (1, 0, 0)
79 15 (0, 0, 1)
80 0 (0, 0, 1)
81 1 (0, 0, 1)
82 2 (0, 0, 1)
83 3 (0, 0, 1)
84 4 (0, 0, 1)
85 5 (0, 0, 1)
86 6 (0, 0, 1)
55 7 (1, 0, 0)
87 7 (0, 0, 1)
57 9 (1, 0, 0)
88 8 (0, 0, 1)
89 9 (0, 0, 1)
90 10 (0, 0, 1)
42 10 (1, 0, 0)
91 11 (0, 0, 1)
92 12 (0, 0, 1)
93 13 (0, 0, 1)
94 14 (0, 0, 1)
95 15 (0, 0, 1)
96 0 (0, 0, 1)
100
Hit front  4
Hit main  0
Hit miss  96
0.04
97 1 (0, 0, 1)
98 2 (0, 0, 1)
68 4 (1, 0, 0)
99 3 (0, 0, 1)
34 2 (0, 1, 0)
100 4 (0, 0, 1)
101 5 (0, 0, 1)
102 6 (0, 0, 1)
103 7 (0, 0, 1)
104 8 (0, 0, 1)
45 13 (1, 0, 0)
105 9 (0, 0, 1)
25 9 (0, 1, 0)
106 10 (0, 0, 1)
107 11 (0, 0, 1)
36 4 (0, 1, 0)
108 12 (0, 0, 1)
109 13 (0, 0, 1)
18 2 (0, 1, 0)
110 14 (0, 0, 1)
111 15 (0, 0, 1)
112 0 (0, 0, 1)
113 1 (0, 0, 1)
114 2 (0, 0, 1)
115 3 (0, 0, 1)
116 4 (0, 0, 1)
41 9 (0, 1, 0)
117 5 (0, 0, 1)
118 6 (0, 0, 1)
119 7 (0, 0, 1)
120 8 (0, 0, 1)
111 15 (1, 0, 0)
121 9 (0, 0, 1)
122 10 (0, 0, 1)
123 11 (0, 0, 1)
124 12 (0, 0, 1)
125 13 (0, 0, 1)
126 14 (0, 0, 1)
127 15 (0, 0, 1)
128 0 (0, 0, 1)
60 12 (0, 1, 0)
129 1 (0, 0, 1)
130 2 (0, 0, 1)
131 3 (0, 0, 1)
132 4 (0, 0, 1)
133 5 (0, 0, 1)
134 6 (0, 0, 1)
135 7 (0, 0, 1)
136 8 (0, 0, 1)
137 9 (0, 0, 1)
138 10 (0, 0, 1)
139 11 (0, 0, 1)
140 12 (0, 0, 1)
141 13 (0, 0, 1)
142 14 (0, 0, 1)
143 15 (0, 0, 1)
144 0 (0, 0, 1)
145 1 (0, 0, 1)
146 2 (0, 0, 1)
147 3 (0, 0, 1)
148 4 (0, 0, 1)
149 5 (0, 0, 1)
150 6 (0, 0, 1)
151 7 (0, 0, 1)
152 8 (0, 0, 1)
153 9 (0, 0, 1)
154 10 (0, 0, 1)
155 11 (0, 0, 1)
156 12 (0, 0, 1)
157 13 (0, 0, 1)
158 14 (0, 0, 1)
159 15 (0, 0, 1)
160 0 (0, 0, 1)
161 1 (0, 0, 1)
162 2 (0, 0, 1)
163 3 (0, 0, 1)
164 4 (0, 0, 1)
165 5 (0, 0, 1)
166 6 (0, 0, 1)
167 7 (0, 0, 1)
168 8 (0, 0, 1)
169 9 (0, 0, 1)
170 10 (0, 0, 1)
171 11 (0, 0, 1)
172 12 (0, 0, 1)
173 13 (0, 0, 1)
174 14 (0, 0, 1)
97 1 (0, 1, 0)
98 2 (0, 1, 0)
175 15 (0, 0, 1)
118 6 (1, 0, 0)
119 7 (1, 0, 0)
176 0 (0, 0, 1)
177 1 (0, 0, 1)
178 2 (0, 0, 1)
179 3 (0, 0, 1)
180 4 (0, 0, 1)
181 5 (0, 0, 1)
182 6 (0, 0, 1)
183 7 (0, 0, 1)
200
Hit front  9
Hit main  8
Hit miss  183
0.085
131 3 (1, 0, 0)
184 8 (0, 0, 1)
185 9 (0, 0, 1)
186 10 (0, 0, 1)
187 11 (0, 0, 1)
188 12 (0, 0, 1)
189 13 (0, 0, 1)
190 14 (0, 0, 1)
47 15 (0, 1, 0)
48 0 (0, 1, 0)
191 15 (0, 0, 1)
192 0 (0, 0, 1)
193 1 (0, 0, 1)
194 2 (0, 0, 1)
195 3 (0, 0, 1)
196 4 (0, 0, 1)
197 5 (0, 0, 1)
198 6 (0, 0, 1)
199 7 (0, 0, 1)
200 8 (0, 0, 1)
201 9 (0, 0, 1)
156 12 (1, 0, 0)
202 10 (0, 0, 1)
203 11 (0, 0, 1)
204 12 (0, 0, 1)
205 13 (0, 0, 1)
206 14 (0, 0, 1)
207 15 (0, 0, 1)
208 0 (0, 0, 1)
209 1 (0, 0, 1)
210 2 (0, 0, 1)
211 3 (0, 0, 1)
212 4 (0, 0, 1)
213 5 (0, 0, 1)
214 6 (0, 0, 1)
215 7 (0, 0, 1)
216 8 (0, 0, 1)
165 5 (1, 0, 0)
217 9 (0, 0, 1)
218 10 (0, 0, 1)
219 11 (0, 0, 1)
220 12 (0, 0, 1)
221 13 (0, 0, 1)
222 14 (0, 0, 1)
223 15 (0, 0, 1)
124 12 (0, 1, 0)
224 0 (0, 0, 1)
225 1 (0, 0, 1)
226 2 (0, 0, 1)
227 3 (0, 0, 1)
228 4 (0, 0, 1)
229 5 (0, 0, 1)
230 6 (0, 0, 1)
231 7 (0, 0, 1)
232 8 (0, 0, 1)
233 9 (0, 0, 1)
49 1 (0, 1, 0)
50 2 (0, 1, 0)
234 10 (0, 0, 1)
235 11 (0, 0, 1)
236 12 (0, 0, 1)
237 13 (0, 0, 1)
209 1 (1, 0, 0)
238 14 (0, 0, 1)
141 13 (0, 1, 0)
239 15 (0, 0, 1)
240 0 (0, 0, 1)
241 1 (0, 0, 1)
242 2 (0, 0, 1)
243 3 (0, 0, 1)
244 4 (0, 0, 1)
245 5 (0, 0, 1)
246 6 (0, 0, 1)
81 1 (0, 1, 0)
82 2 (0, 1, 0)
247 7 (0, 0, 1)
248 8 (0, 0, 1)
249 9 (0, 0, 1)
250 10 (0, 0, 1)
251 11 (0, 0, 1)
252 12 (0, 0, 1)
253 13 (0, 0, 1)
254 14 (0, 0, 1)
255 15 (0, 0, 1)
256 0 (0, 0, 1)
257 1 (0, 0, 1)
258 2 (0, 0, 1)
192 0 (0, 1, 0)
259 3 (0, 0, 1)
199 7 (1, 0, 0)
260 4 (0, 0, 1)
12 12 (0, 1, 0)
261 5 (0, 0, 1)
262 6 (0, 0, 1)
263 7 (0, 0, 1)
264 8 (0, 0, 1)
265 9 (0, 0, 1)
266 10 (0, 0, 1)
267 11 (0, 0, 1)
5 5 (0, 1, 0)
300
Hit front  14
Hit main  19
Hit miss  267
0.11
268 12 (0, 0, 1)
174 14 (0, 1, 0)
269 13 (0, 0, 1)
270 14 (0, 0, 1)
147 3 (0, 1, 0)
148 4 (0, 1, 0)
271 15 (0, 0, 1)
272 0 (0, 0, 1)
273 1 (0, 0, 1)
274 2 (0, 0, 1)
151 7 (0, 1, 0)
152 8 (0, 1, 0)
275 3 (0, 0, 1)
276 4 (0, 0, 1)
277 5 (0, 0, 1)
168 8 (0, 1, 0)
169 9 (0, 1, 0)
216 8 (1, 0, 0)
165 5 (0, 1, 0)
278 6 (0, 0, 1)
279 7 (0, 0, 1)
163 3 (0, 1, 0)
280 8 (0, 0, 1)
281 9 (0, 0, 1)
282 10 (0, 0, 1)
200 8 (0, 1, 0)
201 9 (0, 1, 0)
283 11 (0, 0, 1)
284 12 (0, 0, 1)
285 13 (0, 0, 1)
286 14 (0, 0, 1)
287 15 (0, 0, 1)
288 0 (0, 0, 1)
265 9 (1, 0, 0)
289 1 (0, 0, 1)
290 2 (0, 0, 1)
291 3 (0, 0, 1)
97 1 (0, 1, 0)
98 2 (0, 1, 0)
292 4 (0, 0, 1)
293 5 (0, 0, 1)
294 6 (0, 0, 1)
5 5 (0, 1, 0)
295 7 (0, 0, 1)
296 8 (0, 0, 1)
297 9 (0, 0, 1)
298 10 (0, 0, 1)
299 11 (0, 0, 1)
300 12 (0, 0, 1)
301 13 (0, 0, 1)
302 14 (0, 0, 1)
303 15 (0, 0, 1)
304 0 (0, 0, 1)
305 1 (0, 0, 1)
306 2 (0, 0, 1)
307 3 (0, 0, 1)
308 4 (0, 0, 1)
309 5 (0, 0, 1)
310 6 (0, 0, 1)
311 7 (0, 0, 1)
312 8 (0, 0, 1)
313 9 (0, 0, 1)
314 10 (0, 0, 1)
315 11 (0, 0, 1)
316 12 (0, 0, 1)
317 13 (0, 0, 1)
318 14 (0, 0, 1)
319 15 (0, 0, 1)
320 0 (0, 0, 1)
19 3 (0, 1, 0)
321 1 (0, 0, 1)
322 2 (0, 0, 1)
323 3 (0, 0, 1)
324 4 (0, 0, 1)
325 5 (0, 0, 1)
326 6 (0, 0, 1)
179 3 (0, 1, 0)
180 4 (0, 1, 0)
327 7 (0, 0, 1)
328 8 (0, 0, 1)
329 9 (0, 0, 1)
330 10 (0, 0, 1)
331 11 (0, 0, 1)
187 11 (0, 1, 0)
188 12 (0, 1, 0)
332 12 (0, 0, 1)
333 13 (0, 0, 1)
334 14 (0, 0, 1)
335 15 (0, 0, 1)
321 1 (1, 0, 0)
336 0 (0, 0, 1)
337 1 (0, 0, 1)
205 13 (0, 1, 0)
206 14 (0, 1, 0)
338 2 (0, 0, 1)
339 3 (0, 0, 1)
340 4 (0, 0, 1)
265 9 (0, 1, 0)
289 1 (1, 0, 0)
341 5 (0, 0, 1)
400
Hit front  18
Hit main  41
Hit miss  341
0.1475
342 6 (0, 0, 1)
343 7 (0, 0, 1)
344 8 (0, 0, 1)
309 5 (1, 0, 0)
200 8 (0, 1, 0)
201 9 (0, 1, 0)
262 6 (0, 1, 0)
263 7 (0, 1, 0)
252 12 (0, 1, 0)
253 13 (0, 1, 0)
345 9 (0, 0, 1)
346 10 (0, 0, 1)
347 11 (0, 0, 1)
348 12 (0, 0, 1)
349 13 (0, 0, 1)
5 5 (0, 1, 0)
350 14 (0, 0, 1)
351 15 (0, 0, 1)
315 11 (1, 0, 0)
352 0 (0, 0, 1)
353 1 (0, 0, 1)
354 2 (0, 0, 1)
355 3 (0, 0, 1)
312 8 (1, 0, 0)
356 4 (0, 0, 1)
357 5 (0, 0, 1)
322 2 (1, 0, 0)
358 6 (0, 0, 1)
359 7 (0, 0, 1)
360 8 (0, 0, 1)
361 9 (0, 0, 1)
362 10 (0, 0, 1)
363 11 (0, 0, 1)
200 8 (0, 1, 0)
201 9 (0, 1, 0)
84 4 (0, 1, 0)
85 5 (0, 1, 0)
364 12 (0, 0, 1)
145 1 (0, 1, 0)
365 13 (0, 0, 1)
366 14 (0, 0, 1)
367 15 (0, 0, 1)
216 8 (0, 1, 0)
165 5 (0, 1, 0)
368 0 (0, 0, 1)
369 1 (0, 0, 1)
370 2 (0, 0, 1)
239 15 (0, 1, 0)
371 3 (0, 0, 1)
372 4 (0, 0, 1)
373 5 (0, 0, 1)
189 13 (0, 1, 0)
190 14 (0, 1, 0)
374 6 (0, 0, 1)
375 7 (0, 0, 1)
376 8 (0, 0, 1)
228 4 (0, 1, 0)
377 9 (0, 0, 1)
378 10 (0, 0, 1)
379 11 (0, 0, 1)
380 12 (0, 0, 1)
381 13 (0, 0, 1)
252 12 (0, 1, 0)
253 13 (0, 1, 0)
382 14 (0, 0, 1)
383 15 (0, 0, 1)
370 2 (1, 0, 0)
5 5 (0, 1, 0)
384 0 (0, 0, 1)
191 15 (0, 1, 0)
198 6 (0, 1, 0)
385 1 (0, 0, 1)
386 2 (0, 0, 1)
387 3 (0, 0, 1)
388 4 (0, 0, 1)
389 5 (0, 0, 1)
183 7 (0, 1, 0)
390 6 (0, 0, 1)
391 7 (0, 0, 1)
392 8 (0, 0, 1)
313 9 (0, 1, 0)
393 9 (0, 0, 1)
153 9 (0, 1, 0)
394 10 (0, 0, 1)
395 11 (0, 0, 1)
57 9 (0, 0, 1)
396 12 (0, 0, 1)
397 13 (0, 0, 1)
398 14 (0, 0, 1)
399 15 (0, 0, 1)
400 0 (0, 0, 1)
401 1 (0, 0, 1)
402 2 (0, 0, 1)
403 3 (0, 0, 1)
97 1 (0, 1, 0)
98 2 (0, 1, 0)
404 4 (0, 0, 1)
405 5 (0, 0, 1)
396 12 (1, 0, 0)
406 6 (0, 0, 1)
500
Hit front  24
Hit main  69
Hit miss  407
0.186
407 7 (0, 0, 1)
408 8 (0, 0, 1)
409 9 (0, 0, 1)
136 8 (0, 1, 0)
410 10 (0, 0, 1)
411 11 (0, 0, 1)
412 12 (0, 0, 1)
413 13 (0, 0, 1)
414 14 (0, 0, 1)
415 15 (0, 0, 1)
416 0 (0, 0, 1)
417 1 (0, 0, 1)
418 2 (0, 0, 1)
380 12 (1, 0, 0)
252 12 (0, 1, 0)
253 13 (0, 1, 0)
419 3 (0, 0, 1)
420 4 (0, 0, 1)
5 5 (0, 1, 0)
421 5 (0, 0, 1)
422 6 (0, 0, 1)
233 9 (0, 1, 0)
256 0 (0, 1, 0)
423 7 (0, 0, 1)
424 8 (0, 0, 1)
425 9 (0, 0, 1)
426 10 (0, 0, 1)
427 11 (0, 0, 1)
428 12 (0, 0, 1)
429 13 (0, 0, 1)
430 14 (0, 0, 1)
431 15 (0, 0, 1)
432 0 (0, 0, 1)
433 1 (0, 0, 1)
434 2 (0, 0, 1)
435 3 (0, 0, 1)
436 4 (0, 0, 1)
437 5 (0, 0, 1)
438 6 (0, 0, 1)
439 7 (0, 0, 1)
440 8 (0, 0, 1)
441 9 (0, 0, 1)
442 10 (0, 0, 1)
443 11 (0, 0, 1)
444 12 (0, 0, 1)
445 13 (0, 0, 1)
446 14 (0, 0, 1)
447 15 (0, 0, 1)
448 0 (0, 0, 1)
449 1 (0, 0, 1)
450 2 (0, 0, 1)
451 3 (0, 0, 1)
126 14 (0, 0, 1)
452 4 (0, 0, 1)
453 5 (0, 0, 1)
454 6 (0, 0, 1)
408 8 (1, 0, 0)
455 7 (0, 0, 1)
456 8 (0, 0, 1)
457 9 (0, 0, 1)
458 10 (0, 0, 1)
459 11 (0, 0, 1)
460 12 (0, 0, 1)
34 2 (0, 0, 1)
461 13 (0, 0, 1)
462 14 (0, 0, 1)
463 15 (0, 0, 1)
464 0 (0, 0, 1)
465 1 (0, 0, 1)
466 2 (0, 0, 1)
467 3 (0, 0, 1)
468 4 (0, 0, 1)
469 5 (0, 0, 1)
252 12 (0, 1, 0)
253 13 (0, 1, 0)
470 6 (0, 0, 1)
471 7 (0, 0, 1)
472 8 (0, 0, 1)
142 14 (0, 0, 1)
473 9 (0, 0, 1)
474 10 (0, 0, 1)
200 8 (0, 1, 0)
201 9 (0, 1, 0)
475 11 (0, 0, 1)
476 12 (0, 0, 1)
477 13 (0, 0, 1)
478 14 (0, 0, 1)
265 9 (0, 1, 0)
289 1 (0, 1, 0)
479 15 (0, 0, 1)
175 15 (0, 0, 1)
216 8 (0, 1, 0)
165 5 (0, 1, 0)
480 0 (0, 0, 1)
481 1 (0, 0, 1)
482 2 (0, 0, 1)
483 3 (0, 0, 1)
132 4 (0, 0, 1)
484 4 (0, 0, 1)
485 5 (0, 0, 1)
600
Hit front  26
Hit main  83
Hit miss  491
0.18166666666666667
486 6 (0, 0, 1)
487 7 (0, 0, 1)
488 8 (0, 0, 1)
489 9 (0, 0, 1)
490 10 (0, 0, 1)
491 11 (0, 0, 1)
492 12 (0, 0, 1)
493 13 (0, 0, 1)
494 14 (0, 0, 1)
495 15 (0, 0, 1)
496 0 (0, 0, 1)
497 1 (0, 0, 1)
498 2 (0, 0, 1)
499 3 (0, 0, 1)
500 4 (0, 0, 1)
501 5 (0, 0, 1)
502 6 (0, 0, 1)
503 7 (0, 0, 1)
504 8 (0, 0, 1)
505 9 (0, 0, 1)
506 10 (0, 0, 1)
507 11 (0, 0, 1)
508 12 (0, 0, 1)
509 13 (0, 0, 1)
510 14 (0, 0, 1)
511 15 (0, 0, 1)
512 0 (0, 0, 1)
513 1 (0, 0, 1)
514 2 (0, 0, 1)
515 3 (0, 0, 1)
516 4 (0, 0, 1)
517 5 (0, 0, 1)
518 6 (0, 0, 1)
519 7 (0, 0, 1)
520 8 (0, 0, 1)
521 9 (0, 0, 1)
522 10 (0, 0, 1)
523 11 (0, 0, 1)
524 12 (0, 0, 1)
525 13 (0, 0, 1)
526 14 (0, 0, 1)
527 15 (0, 0, 1)
528 0 (0, 0, 1)
529 1 (0, 0, 1)
530 2 (0, 0, 1)
531 3 (0, 0, 1)
532 4 (0, 0, 1)
533 5 (0, 0, 1)
534 6 (0, 0, 1)
535 7 (0, 0, 1)
536 8 (0, 0, 1)
537 9 (0, 0, 1)
538 10 (0, 0, 1)
539 11 (0, 0, 1)
540 12 (0, 0, 1)
541 13 (0, 0, 1)
542 14 (0, 0, 1)
543 15 (0, 0, 1)
544 0 (0, 0, 1)
545 1 (0, 0, 1)
546 2 (0, 0, 1)
547 3 (0, 0, 1)
548 4 (0, 0, 1)
549 5 (0, 0, 1)
550 6 (0, 0, 1)
551 7 (0, 0, 1)
552 8 (0, 0, 1)
553 9 (0, 0, 1)
489 9 (0, 1, 0)
554 10 (0, 0, 1)
555 11 (0, 0, 1)
556 12 (0, 0, 1)
557 13 (0, 0, 1)
558 14 (0, 0, 1)
559 15 (0, 0, 1)
560 0 (0, 0, 1)
561 1 (0, 0, 1)
562 2 (0, 0, 1)
563 3 (0, 0, 1)
564 4 (0, 0, 1)
565 5 (0, 0, 1)
566 6 (0, 0, 1)
567 7 (0, 0, 1)
568 8 (0, 0, 1)
569 9 (0, 0, 1)
570 10 (0, 0, 1)
571 11 (0, 0, 1)
572 12 (0, 0, 1)
573 13 (0, 0, 1)
574 14 (0, 0, 1)
575 15 (0, 0, 1)
576 0 (0, 0, 1)
577 1 (0, 0, 1)
578 2 (0, 0, 1)
579 3 (0, 0, 1)
580 4 (0, 0, 1)
581 5 (0, 0, 1)
582 6 (0, 0, 1)
583 7 (0, 0, 1)
584 8 (0, 0, 1)
700
Hit front  26
Hit main  84
Hit miss  590
0.15714285714285714
209 1 (0, 0, 1)
585 9 (0, 0, 1)
586 10 (0, 0, 1)
587 11 (0, 0, 1)
440 8 (0, 1, 0)
588 12 (0, 0, 1)
589 13 (0, 0, 1)
590 14 (0, 0, 1)
591 15 (0, 0, 1)
138 10 (0, 0, 1)
592 0 (0, 0, 1)
593 1 (0, 0, 1)
33 1 (0, 0, 1)
594 2 (0, 0, 1)
595 3 (0, 0, 1)
596 4 (0, 0, 1)
597 5 (0, 0, 1)
598 6 (0, 0, 1)
599 7 (0, 0, 1)
600 8 (0, 0, 1)
601 9 (0, 0, 1)
602 10 (0, 0, 1)
603 11 (0, 0, 1)
604 12 (0, 0, 1)
605 13 (0, 0, 1)
606 14 (0, 0, 1)
607 15 (0, 0, 1)
608 0 (0, 0, 1)
609 1 (0, 0, 1)
610 2 (0, 0, 1)
611 3 (0, 0, 1)
612 4 (0, 0, 1)
613 5 (0, 0, 1)
614 6 (0, 0, 1)
615 7 (0, 0, 1)
616 8 (0, 0, 1)
617 9 (0, 0, 1)
618 10 (0, 0, 1)
619 11 (0, 0, 1)
620 12 (0, 0, 1)
621 13 (0, 0, 1)
622 14 (0, 0, 1)
623 15 (0, 0, 1)
624 0 (0, 0, 1)
625 1 (0, 0, 1)
626 2 (0, 0, 1)
627 3 (0, 0, 1)
551 7 (0, 1, 0)
628 4 (0, 0, 1)
629 5 (0, 0, 1)
630 6 (0, 0, 1)
631 7 (0, 0, 1)
552 8 (0, 1, 0)
632 8 (0, 0, 1)
633 9 (0, 0, 1)
634 10 (0, 0, 1)
635 11 (0, 0, 1)
636 12 (0, 0, 1)
637 13 (0, 0, 1)
638 14 (0, 0, 1)
639 15 (0, 0, 1)
640 0 (0, 0, 1)
641 1 (0, 0, 1)
642 2 (0, 0, 1)
643 3 (0, 0, 1)
488 8 (0, 1, 0)
644 4 (0, 0, 1)
179 3 (0, 0, 1)
180 4 (0, 0, 1)
645 5 (0, 0, 1)
646 6 (0, 0, 1)
219 11 (0, 0, 1)
647 7 (0, 0, 1)
648 8 (0, 0, 1)
649 9 (0, 0, 1)
650 10 (0, 0, 1)
651 11 (0, 0, 1)
652 12 (0, 0, 1)
653 13 (0, 0, 1)
654 14 (0, 0, 1)
655 15 (0, 0, 1)
656 0 (0, 0, 1)
657 1 (0, 0, 1)
658 2 (0, 0, 1)
659 3 (0, 0, 1)
660 4 (0, 0, 1)
661 5 (0, 0, 1)
662 6 (0, 0, 1)
663 7 (0, 0, 1)
664 8 (0, 0, 1)
665 9 (0, 0, 1)
666 10 (0, 0, 1)
667 11 (0, 0, 1)
668 12 (0, 0, 1)
669 13 (0, 0, 1)
670 14 (0, 0, 1)
671 15 (0, 0, 1)
514 2 (0, 0, 1)
672 0 (0, 0, 1)
673 1 (0, 0, 1)
800
Hit front  26
Hit main  88
Hit miss  686
0.1425
674 2 (0, 0, 1)
675 3 (0, 0, 1)
676 4 (0, 0, 1)
187 11 (0, 0, 1)
188 12 (0, 1, 0)
677 5 (0, 0, 1)
678 6 (0, 0, 1)
679 7 (0, 0, 1)
680 8 (0, 0, 1)
681 9 (0, 0, 1)
682 10 (0, 0, 1)
683 11 (0, 0, 1)
684 12 (0, 0, 1)
685 13 (0, 0, 1)
686 14 (0, 0, 1)
687 15 (0, 0, 1)
688 0 (0, 0, 1)
689 1 (0, 0, 1)
662 6 (1, 0, 0)
690 2 (0, 0, 1)
691 3 (0, 0, 1)
692 4 (0, 0, 1)
693 5 (0, 0, 1)
205 13 (0, 1, 0)
206 14 (0, 1, 0)
694 6 (0, 0, 1)
695 7 (0, 0, 1)
696 8 (0, 0, 1)
697 9 (0, 0, 1)
223 15 (0, 0, 1)
698 10 (0, 0, 1)
699 11 (0, 0, 1)
513 1 (0, 1, 0)
700 12 (0, 0, 1)
701 13 (0, 0, 1)
702 14 (0, 0, 1)
703 15 (0, 0, 1)
704 0 (0, 0, 1)
705 1 (0, 0, 1)
706 2 (0, 0, 1)
668 12 (1, 0, 0)
707 3 (0, 0, 1)
708 4 (0, 0, 1)
164 4 (0, 0, 1)
709 5 (0, 0, 1)
225 1 (0, 0, 1)
710 6 (0, 0, 1)
711 7 (0, 0, 1)
712 8 (0, 0, 1)
663 7 (1, 0, 0)
641 1 (0, 1, 0)
713 9 (0, 0, 1)
714 10 (0, 0, 1)
715 11 (0, 0, 1)
307 3 (0, 0, 1)
716 12 (0, 0, 1)
717 13 (0, 0, 1)
718 14 (0, 0, 1)
719 15 (0, 0, 1)
720 0 (0, 0, 1)
721 1 (0, 0, 1)
722 2 (0, 0, 1)
723 3 (0, 0, 1)
724 4 (0, 0, 1)
539 11 (0, 1, 0)
725 5 (0, 0, 1)
726 6 (0, 0, 1)
727 7 (0, 0, 1)
728 8 (0, 0, 1)
729 9 (0, 0, 1)
730 10 (0, 0, 1)
731 11 (0, 0, 1)
732 12 (0, 0, 1)
733 13 (0, 0, 1)
734 14 (0, 0, 1)
735 15 (0, 0, 1)
736 0 (0, 0, 1)
737 1 (0, 0, 1)
738 2 (0, 0, 1)
739 3 (0, 0, 1)
740 4 (0, 0, 1)
741 5 (0, 0, 1)
742 6 (0, 0, 1)
743 7 (0, 0, 1)
744 8 (0, 0, 1)
492 12 (0, 0, 1)
745 9 (0, 0, 1)
746 10 (0, 0, 1)
747 11 (0, 0, 1)
748 12 (0, 0, 1)
749 13 (0, 0, 1)
750 14 (0, 0, 1)
554 10 (0, 1, 0)
751 15 (0, 0, 1)
752 0 (0, 0, 1)
753 1 (0, 0, 1)
754 2 (0, 0, 1)
656 0 (0, 0, 1)
755 3 (0, 0, 1)
756 4 (0, 0, 1)
900
Hit front  29
Hit main  95
Hit miss  776
0.13777777777777778
757 5 (0, 0, 1)
758 6 (0, 0, 1)
759 7 (0, 0, 1)
760 8 (0, 0, 1)
761 9 (0, 0, 1)
762 10 (0, 0, 1)
763 11 (0, 0, 1)
764 12 (0, 0, 1)
765 13 (0, 0, 1)
678 6 (0, 1, 0)
679 7 (0, 1, 0)
766 14 (0, 0, 1)
767 15 (0, 0, 1)
768 0 (0, 0, 1)
423 7 (0, 0, 1)
769 1 (0, 0, 1)
770 2 (0, 0, 1)
771 3 (0, 0, 1)
772 4 (0, 0, 1)
773 5 (0, 0, 1)
774 6 (0, 0, 1)
775 7 (0, 0, 1)
776 8 (0, 0, 1)
777 9 (0, 0, 1)
778 10 (0, 0, 1)
779 11 (0, 0, 1)
780 12 (0, 0, 1)
772 4 (1, 0, 0)
781 13 (0, 0, 1)
782 14 (0, 0, 1)
674 2 (0, 0, 1)
783 15 (0, 0, 1)
784 0 (0, 0, 1)
172 12 (0, 1, 0)
785 1 (0, 0, 1)
786 2 (0, 0, 1)
787 3 (0, 0, 1)
788 4 (0, 0, 1)
789 5 (0, 0, 1)
790 6 (0, 0, 1)
791 7 (0, 0, 1)
684 12 (0, 0, 1)
792 8 (0, 0, 1)
756 4 (1, 0, 0)
591 15 (0, 1, 0)
793 9 (0, 0, 1)
741 5 (1, 0, 0)
794 10 (0, 0, 1)
795 11 (0, 0, 1)
796 12 (0, 0, 1)
797 13 (0, 0, 1)
607 15 (0, 1, 0)
798 14 (0, 0, 1)
799 15 (0, 0, 1)
800 0 (0, 0, 1)
801 1 (0, 0, 1)
736 0 (0, 0, 1)
802 2 (0, 0, 1)
803 3 (0, 0, 1)
804 4 (0, 0, 1)
805 5 (0, 0, 1)
720 0 (0, 0, 1)
806 6 (0, 0, 1)
807 7 (0, 0, 1)
808 8 (0, 0, 1)
809 9 (0, 0, 1)
810 10 (0, 0, 1)
811 11 (0, 0, 1)
812 12 (0, 0, 1)
813 13 (0, 0, 1)
814 14 (0, 0, 1)
815 15 (0, 0, 1)
816 0 (0, 0, 1)
817 1 (0, 0, 1)
818 2 (0, 0, 1)
252 12 (0, 1, 0)
253 13 (0, 1, 0)
819 3 (0, 0, 1)
633 9 (0, 1, 0)
820 4 (0, 0, 1)
471 7 (0, 0, 1)
472 8 (0, 0, 1)
821 5 (0, 0, 1)
822 6 (0, 0, 1)
823 7 (0, 0, 1)
824 8 (0, 0, 1)
825 9 (0, 0, 1)
826 10 (0, 0, 1)
827 11 (0, 0, 1)
473 9 (0, 0, 1)
474 10 (0, 0, 1)
828 12 (0, 0, 1)
829 13 (0, 0, 1)
830 14 (0, 0, 1)
831 15 (0, 0, 1)
832 0 (0, 0, 1)
833 1 (0, 0, 1)
834 2 (0, 0, 1)
835 3 (0, 0, 1)
836 4 (0, 0, 1)
1000
Hit front  32
Hit main  103
Hit miss  865
0.135
Hit front  32
Hit main  103
Hit miss  865
0.135
