15
319
1
40
6
22
243
358
1
233
115
19
18
107
5
6
661
1
77
972
29
48
851
481
868
142
3
17
41
1
1
10
4
5
1
1
29
139
2
812
3
6
10
614
129
603
1
14
5
79
230
7
77
465
120
32
21
14
87
17
2
6
214
3
75
32
451
1
237
1
3
822
25
2
48
7
41
2
262
28
9
123
380
1
1
64
22
17
2
7
133
103
222
2
3
101
5
3
5
2
5
3
3
731
24
436
19
52
398
518
28
3
56
3
1
28
149
3
162
238
1
261
84
209
314
43
13
3
7
5
37
88
243
3
75
8
1
85
3
113
42
2
50
163
5
47
9
63
760
18
447
25
737
3
87
95
506
57
1
1
4
1
47
2
1
2
1
980
106
2
15
5
362
28
136
686
82
4
138
2
2
1
2
5
39
4
6
4
10
234
140
77
203
52
2
23
62
8
1
17
19
672
46
4
3
14
5
1
1
14
230
47
113
20
387
254
154
616
81
8
20
99
2
2
4
11
47
1
43
165
333
9
2
5
3
4
6
1
758
178
927
379
347
620
1
53
18
18
1
29
3
232
33
1
5
56
274
56
6
94
810
66
14
2
1
124
253
4
50
69
494
2
4
2
444
17
4
70
3
4
41
237
1
6
12
4
586
24
260
8
1
39
64
18
37
126
121
9
1
34
31
53
13
930
1
3
203
13
538
16
9
1
53
317
31
1
124
6
150
39
63
87
110
3
8
1
31
19
118
251
2
135
30
118
47
1
21
2
104
3
231
160
1
28
127
124
4
134
200
520
490
80
1
2
519
4
9
9
72
1
1
5
2
182
407
31
840
2
3
160
675
24
10
935
237
12
731
718
8
12
65
869
8
489
6
1
10
5
2
83
656
72
152
675
44
2
12
2
151
15
182
68
1
224
10
111
26
15
1
3
90
5
8
751
4
53
752
75
4
6
1
511
481
3
5
51
1
1
88
224
1
2
72
22
1
2
6
2
912
1
42
407
41
2
1
577
1
5
888
484
290
3
2
5
12
355
239
2
24
29
1
40
2
198
967
43
19
607
316
4
526
34
5
123
1
2
18
242
6
9
2
1
34
9
685
39
741
6
376
1
730
1
6
44
1
1
76
5
1
73
9
2
121
717
3
283
4
5
2
3
85
4
32
2
3
29
445
402
55
2
296
416
10
53
61
344
649
286
2
70
5
82
52
10
290
18
17
22
1
36
189
79
337
725
882
16
2
567
204
150
1
19
5
125
8
10
52
447
6
111
208
969
3
71
1
4
11
555
746
17
19
12
7
2
274
12
111
7
1
13
4
9
2
70
2
540
287
266
16
337
2
2
599
140
1
362
6
37
76
5
1
2
3
936
1
419
4
749
1
69
633
1
728
572
684
321
83
131
5
18
2
274
16
7
9
127
7
9
888
1
1
167
2
8
6
2
9
6
25
202
799
3
33
11
27
16
5
17
65
959
2
748
1
1
23
6
189
1
12
30
476
12
1
15
7
5
42
290
1
20
1
440
11
142
4
4
1
6
1
125
869
116
5
26
1
5
526
447
1
1
50
1
3
731
12
6
5
608
520
1
128
1
56
41
22
2
16
600
439
2
3
65
927
18
120
1
18
7
193
280
53
381
208
43
160
9
17
326
2
12
1
949
25
1
2
4
10
9
41
154
4
41
124
4
4
77
54
267
1
1
4
60
70
45
884
1
121
857
609
247
101
98
592
829
3
11
425
171
2
20
904
231
3
2
3
166
1
3
1
18
20
24
1
112
17
2
524
213
212
138
15
62
344
1
1
1
72
115
50
570
48
533
2
387
569
5
132
890
548
728
413
5
1
730
75
8
116
19
17
16
72
1
110
9
1
1
6
49
350
2
6
198
7
8
669
256
4
269
66
20
6
886
14
119
682
983
12
3
852
151
50
10
42
1
174
477
548
4
49
684
600
11
1
2
15
23
1
46
17
2
285
9
3
3
22
1
9
654
235
1
4
34
21
28
4
178
46
37
385
31
6
22
1
362
18
96
549
167
4
31
7
31
2
1
14
56
883
953
30
13
1
2
2
1
27
2
224
8
26
304
1
1
3
1
663
186
833
766
340
21
58
34
231
6
1
51
36
137
660
3
15
1
881
4
45
16
3
532
17
54
179
35
4
17
56
104
30
1
7
6
633
2
50
252
245
80
741
1
16
198
9
3
11
1
96
31
613
1
135
978
786
10
354
138
935
8
10
1
495
4
1
34
995
2
4
1
108
240
3
114
191
12
2
139
2
1
1
491
1
3
15
4
4
4
2
20
1
5
2
488
6
1
242
31
766
17
860
30
5
32
7
94
2
6
15
107
26
7
16
39
23
240
5
226
3
669
512
6
31
824
94
1
659
3
157
193
18
731
24
488
14
33
54
1
18
945
1
324
332
1
78
9
340
565
2
46
792
11
29
2
52
16
176
173
33
2
268
227
33
31
476
3
194
106
159
2
2
71
21
10
20
506
119
4
254
2
2
2
251
7
5
5
2
65
139
8
1
598
9
844
3
2
294
3
176
132
24
172
2
3
129
1
93
168
2
145
17
2
1
619
106
736
1
3
529
433
1
12
1
4
199
92
135
2
25
832
8
1
357
286
122
393
1
129
3
1
15
633
9
1
179
2
4
9
782
414
146
2
11
2
1
38
43
95
250
2
1
219
72
362
371
123
948
17
1
7
1
5
1
5
6
25
214
2
1
367
2
1
17
47
53
2
198
2
3
6
41
4
4
1
1
48
7
1
102
3
2
566
601
115
80
14
1
2
3
410
5
2
462
2
254
501
86
76
2
7
6
567
5
1
33
2
13
1
411
585
46
1
7
37
2
113
335
669
20
1
10
737
1
59
393
1
18
3
2
660
4
973
1
1
2
3
3
1
1
1
6
236
324
84
5
17
74
779
799
296
334
8
19
5
11
97
780
66
11
8
385
564
2
2
5
231
5
1
1
72
30
117
18
6
2
24
5
20
39
6
10
353
7
36
4
627
297
11
1
13
53
302
312
1
31
186
11
894
8
43
85
17
2
6
7
118
69
13
1
8
16
32
51
19
96
35
15
29
1
3
288
1
34
3
11
7
74
12
535
2
714
3
4
241
5
4
5
43
1
45
1
396
8
695
10
3
12
1
21
87
1
440
67
1
217
76
210
564
205
686
2
72
357
12
102
33
747
3
56
2
111
353
32
35
64
7
89
1
32
6
18
461
2
13
19
3
32
339
6
6
5
93
9
44
2
1
38
625
539
20
8
886
1
52
6
15
494
303
310
50
7
92
3
13
4
326
611
1
1
12
26
16
136
2
957
2
68
1
5
33
11
21
1
403
103
3
605
1
3
7
44
4
83
3
117
2
1
38
4
33
5
2
1
75
120
988
1
436
8
3
149
8
7
563
14
50
621
6
732
24
71
5
53
5
315
103
6
24
8
10
7
1
580
26
163
27
14
2
8
36
211
263
13
795
20
1
1
945
441
4
739
618
30
1
26
16
219
49
65
149
615
5
394
30
16
42
13
13
19
137
5
67
5
426
32
1
9
3
46
321
1
341
13
757
1
301
198
35
1
188
7
25
3
432
245
820
14
260
32
27
68
865
95
5
1
350
1
6
1
3
80
42
771
22
10
3
6
70
642
25
2
9
78
45
2
21
3
109
295
211
3
340
19
18
1
1
188
454
356
1
1
3
2
85
619
254
22
501
2
162
361
2
1
137
9
194
1
168
3
21
518
448
1
324
20
1
1
4
137
34
125
11
77
4
36
344
1
47
499
3
11
11
20
69
220
291
3
18
25
3
188
3
1
19
2
3
368
14
79
5
32
2
118
3
166
623
1
21
515
15
16
2
538
1
360
27
15
33
239
12
1
20
1
17
7
2
5
378
918
3
2
1
15
120
5
388
232
976
30
1
510
1
24
15
10
117
2
16
266
160
1
136
24
1
11
1
4
2
3
7
6
3
10
28
33
2
12
433
50
1
14
198
861
4
53
457
23
58
765
112
28
97
10
7
2
18
4
6
2
104
3
11
1
27
753
23
1
170
205
858
6
1
875
16
81
6
479
20
7
881
2
65
701
1
51
52
30
3
101
1
2
84
65
11
238
13
29
8
1
2
12
2
25
1
12
26
51
3
476
132
237
2
267
41
588
2
208
5
261
9
136
4
1
2
11
56
471
29
16
2
19
1
165
1
3
397
11
726
26
5
3
2
44
1
92
182
125
4
24
4
6
69
921
584
6
649
867
1
29
92
226
2
3
2
43
223
1
14
6
72
271
16
2
2
1
43
2
5
1
195
220
2
4
575
127
30
124
315
249
129
31
84
23
36
84
23
6
1
2
369
85
1
4
154
1
30
8
312
410
1
1
180
242
189
9
229
3
1
1
1
2
6
20
4
158
8
1
47
3
922
290
83
5
2
936
2
23
115
42
7
165
468
396
4
1
42
242
828
5
10
1
1
57
3
79
720
3
1
3
4
29
1
115
482
518
62
1
3
4
181
21
176
126
84
28
450
271
93
3
94
3
823
556
1
35
72
1
77
1
542
55
736
1
149
3
154
54
1
526
594
534
65
24
4
88
163
1
248
28
1
326
51
10
232
29
397
21
6
191
63
33
615
8
81
327
1
5
201
108
22
3
35
16
1
9
68
107
281
1
1
990
2
3
2
6
737
5
3
6
3
1
1
81
447
461
12
428
494
636
5
686
44
2
388
15
43
3
601
732
4
537
1
238
12
790
1
204
420
1
1
107
1
209
8
2
540
20
141
1
240
17
72
2
232
2
1
2
18
41
209
176
100
68
2
4
1
96
12
232
821
1
2
62
6
7
477
4
28
70
1
1
14
1
5
29
52
154
281
92
4
28
6
1
5
110
877
39
2
7
19
22
10
102
65
72
87
120
2
541
42
9
9
13
3
244
1
6
368
3
70
34
205
204
1
16
4
39
15
377
11
2
11
1
84
2
971
105
58
15
5
4
10
283
15
2
8
315
713
156
68
1
4
3
11
134
1
81
3
110
1
81
931
155
1
484
587
16
3
97
2
46
83
26
15
9
3
18
7
506
41
27
12
989
318
11
7
706
1
456
4
71
1
1
50
10
737
125
137
3
1
106
106
31
2
34
3
11
11
40
67
25
98
843
120
447
10
47
47
56
63
50
87
716
1
14
586
3
2
539
180
1
10
104
18
14
2
967
1
1
3
521
380
36
1
1
5
8
208
726
73
959
49
376
4
2
799
73
3
585
5
4
89
20
1
1
33
12
108
2
743
1
1
106
393
13
10
4
468
23
1
147
322
133
157
1
377
2
4
460
1
15
58
3
510
70
458
18
296
19
98
1
62
17
59
25
2
450
7
3
1
4
3
46
21
2
12
1
124
131
1
159
130
54
57
279
231
188
2
67
314
65
2
12
322
2
1
1
8
13
2
1
1
180
538
6
554
1
1
176
112
26
24
4
471
6
761
5
1
725
36
1
594
3
4
80
780
179
23
1
151
2
227
35
265
25
482
177
1
10
5
179
3
1
2
1
95
14
4
266
61
113
44
40
175
2
2
370
227
86
654
3
145
130
1
175
46
2
44
38
47
24
80
124
30
1
313
1
4
503
142
565
8
4
17
1
30
7
17
4
19
52
17
13
4
106
3
6
17
59
535
63
12
6
1
80
2
20
858
1
1
242
1
624
63
11
13
16
13
63
13
3
2
9
7
9
19
106
1
9
26
191
648
1
18
54
1
126
2
7
1
23
313
898
41
2
602
23
7
1
1
21
1
7
1
1
607
14
4
70
1
33
48
144
7
207
366
38
76
1
312
1
228
5
172
16
382
370
1
12
296
1
1
26
191
31
1
195
513
17
74
888
87
1
14
1
1
20
2
2
776
1
852
16
146
52
901
77
95
14
3
324
139
207
14
40
126
6
58
371
267
165
753
1
26
2
19
66
1
936
5
7
3
55
17
1
1
2
67
100
762
7
1
4
2
613
8
69
695
6
274
366
8
105
2
5
814
163
6
86
3
9
77
23
1
27
1
8
219
18
447
1
38
1
793
1
22
203
12
11
14
328
193
12
968
2
22
499
2
17
3
227
156
835
85
1
9
545
5
3
2
1
49
21
1
6
4
26
2
1
2
180
55
2
2
1
118
2
8
1
22
516
30
31
108
418
17
20
4
100
1
312
90
342
1
555
336
37
244
51
136
20
824
2
961
2
10
29
1
743
65
33
725
13
17
867
3
17
816
12
15
23
596
24
36
9
1
1
63
6
25
906
683
17
3
2
9
350
8
13
1
14
1
2
6
4
1
552
326
998
1
273
108
12
514
229
630
17
32
57
87
1
494
43
17
11
8
599
3
48
387
28
2
5
503
4
26
1
998
575
135
4
7
4
70
1
3
10
26
37
9
16
1
17
4
212
467
1
36
43
16
15
1
17
131
852
8
221
1
84
22
1
120
1
229
2
45
11
226
190
1
7
737
1
4
243
114
1
326
2
420
27
7
5
15
1
82
11
1
98
15
6
8
29
11
161
8
1
139
21
1
28
30
2
522
5
4
5
582
73
17
7
112
2
120
663
92
106
18
121
132
877
271
1
2
1
253
139
224
607
9
676
4
9
343
837
884
10
2
21
4
108
3
637
8
6
61
291
252
101
28
1
167
179
87
50
194
1
53
595
86
72
38
2
11
1
71
61
122
550
7
65
75
141
942
4
803
748
154
4
14
429
61
167
180
9
229
1
3
23
1
13
12
1
21
1
162
1
152
117
1
11
1
57
2
50
824
31
4
709
61
3
12
215
17
256
10
5
21
398
3
1
6
82
154
1
16
642
379
4
106
12
2
1
2
18
4
92
1
487
3
1
168
1
320
719
79
3
15
985
33
36
156
5
1
24
1
167
52
1
5
138
33
4
1
642
368
6
2
1
1
18
57
530
97
62
2
10
179
2
47
2
448
120
39
5
12
256
9
9
10
478
846
260
2
1
174
6
1
66
18
2
38
63
312
554
15
3
24
6
59
2
2
8
112
620
321
120
6
12
9
99
1
746
216
24
4
16
8
757
1
120
13
345
1
748
3
2
27
45
434
1
49
403
58
114
251
2
62
19
117
150
1
30
5
5
36
9
213
763
68
798
1
266
204
5
19
4
38
451
4
47
18
7
2
16
77
141
182
12
9
12
798
1
116
19
452
43
379
14
976
60
17
2
5
741
310
2
17
31
376
58
7
1
259
25
709
71
224
5
16
66
91
24
38
510
9
291
22
3
9
3
615
587
16
103
5
638
828
20
199
1
143
2
2
43
466
1
116
26
3
131
1
5
205
21
1
1
2
1
1
20
608
54
74
3
8
1
10
5
46
1
111
229
38
1
62
197
381
1
1
2
151
1
4
2
30
3
10
266
59
4
430
246
450
983
1
61
4
70
6
2
154
1
6
53
2
719
1
458
96
5
19
3
335
16
215
632
10
1
40
61
6
610
1
25
409
5
468
6
194
12
26
44
8
640
406
640
1
387
91
43
159
2
15
162
2
91
225
2
2
44
631
74
4
9
9
108
1
221
4
70
1
373
1
233
347
1
382
1
2
282
1
4
382
50
331
2
3
441
180
104
131
98
57
1
1
221
11
18
9
43
279
1
29
7
2
1
2
1
7
353
98
1
43
450
16
4
9
243
3
2
7
3
290
1
7
2
8
688
47
9
22
6
62
6
782
2
1
1
14
162
2
1
674
814
22
213
1
34
1
555
26
435
2
1
162
1
793
78
4
107
1
432
305
10
1
492
3
5
86
78
134
551
2
1
940
5
206
5
591
168
132
14
976
12
76
1
17
168
3
279
23
1
7
505
436
467
6
1
25
2
332
4
113
1
833
385
4
12
220
12
1
16
3
98
61
17
1
340
1
125
6
2
9
863
11
9
950
19
7
2
5
49
1
5
4
217
1
255
378
66
9
859
1
642
41
143
45
1
119
133
145
740
6
344
1
857
119
96
44
914
176
1
136
82
1
7
719
110
1
29
110
987
20
3
8
1
9
2
1
1
62
2
28
44
228
87
281
3
19
18
833
2
286
605
46
4
1
6
52
101
1
8
37
405
838
134
2
41
1
1
370
932
283
2
843
52
904
30
25
332
20
40
17
27
9
20
22
32
1
1
92
30
39
161
585
672
1
346
6
610
142
1
385
122
140
44
105
13
2
27
36
4
58
2
191
11
38
4
1
16
175
1
1
185
2
1
771
830
11
1
1
351
14
6
10
3
3
1
9
29
9
61
5
559
5
23
10
134
194
430
103
63
21
207
126
291
162
27
944
295
107
7
453
14
1
21
8
9
1
2
7
209
1
28
1
357
1
12
197
1
48
321
310
1
530
40
2
6
5
87
278
1
1
329
1
17
95
1
1
1
234
1
1
384
44
264
2
3
919
591
190
3
2
266
10
372
92
9
5
14
1
15
4
248
1
53
17
4
948
7
2
464
3
8
2
333
1
69
13
76
628
89
103
995
2
1
16
1
3
5
16
15
10
1
2
2
3
2
9
820
3
1
4
111
246
5
1
986
571
50
2
4
22
6
1
1
2
3
594
546
42
447
59
390
2
1
8
35
483
303
40
171
7
1
216
1
69
97
1
41
76
83
26
15
38
1
345
7
17
274
702
449
19
25
20
34
7
2
1
1
4
62
209
1
793
44
800
489
122
154
661
8
247
821
1
2
1
1
760
60
168
129
61
2
1
245
127
1
132
3
122
2
1
109
179
247
368
23
75
2
2
630
11
11
2
15
2
2
6
50
5
51
23
362
8
122
118
75
1
40
1
255
6
1
249
153
6
2
3
50
5
5
211
2
178
25
13
4
191
10
239
128
24
188
1
1
196
572
216
94
12
101
1
959
401
225
225
176
406
3
1
235
146
458
3
20
6
241
6
195
2
1
333
8
840
58
329
75
1
61
1
1
22
17
536
1
15
1
1
149
4
51
2
83
1
2
43
18
9
1
157
1
40
11
1
27
26
958
13
34
12
1
394
25
68
108
3
1
371
799
2
58
3
296
52
3
141
1
192
21
1
92
283
860
45
1
1
90
30
1
4
3
14
1
324
10
6
854
3
426
3
20
741
49
15
73
29
429
18
329
1
7
843
167
94
18
181
4
8
274
1
26
6
798
23
39
1
239
1
92
1
9
1
73
12
8
14
234
15
68
60
14
80
897
907
27
142
130
38
1
1
1
629
1
210
7
61
79
154
267
3
370
1
217
9
339
2
31
1
166
27
51
2
1
50
343
5
16
209
211
35
149
2
37
463
1
577
29
1
6
2
145
244
1
32
58
2
312
11
270
31
5
138
44
1
2
3
76
3
24
1
74
2
1
37
114
16
7
50
50
664
130
1
27
13
574
3
19
797
3
1
18
266
101
8
173
2
14
95
229
50
364
1
1
143
11
163
3
15
4
71
137
834
2
274
44
3
662
3
1
3
118
1
2
356
33
120
16
927
109
3
2
6
13
879
1
60
52
35
18
447
2
114
172
72
2
87
376
3
52
42
13
615
15
134
30
15
19
799
7
103
1
179
535
629
1
15
2
50
673
150
187
154
437
630
789
98
443
1
1
1
77
232
3
50
6
3
2
50
1
427
4
233
832
385
207
252
41
80
66
248
4
47
346
70
9
27
6
30
5
156
742
765
289
2
2
910
27
90
1
120
197
387
14
13
14
6
167
24
114
6
3
8
435
267
5
3
244
192
1
8
4
37
23
41
17
33
608
565
1
4
80
339
216
45
445
56
737
10
30
1
531
516
13
140
139
125
76
10
1
31
784
73
58
1
654
204
315
268
125
92
20
11
1
14
60
53
275
154
1
1
295
742
311
24
9
1
1
87
582
2
11
32
498
3
37
36
6
53
3
132
239
1
279
45
21
512
4
88
349
312
32
15
12
1
572
140
186
1
3
2
6
3
85
1
46
2
155
54
6
6
5
369
48
29
254
260
1
22
618
1
517
44
207
4
24
18
199
263
218
59
1
2
5
85
10
76
12
430
3
1
1
1
20
1
201
173
1
2
37
279
83
143
40
196
905
12
21
262
217
235
9
217
23
381
17
626
1
402
2
903
639
84
34
4
24
879
91
248
64
6
732
617
10
123
608
130
296
2
24
165
1
7
2
106
80
1
1
318
3
536
11
4
43
5
12
355
737
21
59
1
514
81
102
2
82
1
5
58
2
99
949
342
438
1
56
1
615
1
759
11
2
10
4
42
275
114
665
16
574
346
19
971
3
511
912
574
22
1
5
230
61
152
27
9
49
43
2
33
1
432
1
2
208
173
14
21
6
3
31
15
2
26
85
2
11
15
1
565
12
87
2
43
20
6
1
121
1
822
159
32
46
59
677
11
314
44
11
621
2
1
48
477
3
27
505
6
5
425
6
108
45
3
313
428
1
288
3
226
2
164
1
1
8
760
62
1
3
8
33
14
46
16
4
1
286
1
65
691
2
25
1
114
482
4
30
5
1
167
11
4
595
22
205
47
2
133
4
984
29
1
7
2
4
18
482
33
1
737
71
11
15
4
43
466
1
50
2
1
3
41
1
3
8
10
519
270
65
911
24
271
340
3
381
4
1
3
1
33
15
114
759
403
245
42
134
57
52
5
27
1
9
118
94
24
61
276
1
11
1
307
193
785
3
69
276
539
613
473
10
5
185
2
1
624
58
1
15
24
126
91
2
11
54
6
72
159
3
4
276
6
757
21
4
6
253
1
16
3
48
2
858
371
80
72
44
1
407
84
13
4
699
7
8
110
1
1
22
2
209
248
555
41
16
55
37
821
2
2
2
20
534
21
3
16
751
2
21
512
5
352
195
910
9
8
1
345
849
50
632
141
62
132
2
20
10
10
1
2
166
5
124
210
312
897
3
166
33
33
2
72
468
33
241
10
16
272
100
60
3
1
338
246
65
200
333
19
9
518
171
662
12
24
6
107
596
815
58
1
947
3
58
5
74
134
173
1
881
3
4
26
1
19
690
2
1
2
6
11
20
5
14
103
1
1
385
22
768
5
1
524
27
453
20
37
2
85
809
8
129
4
1
12
3
3
5
217
258
1
3
889
1
2
12
266
2
222
690
355
15
80
18
1
9
1
9
309
5
180
32
90
6
662
33
130
122
247
65
4
3
38
43
4
132
68
1
513
5
34
52
513
2
3
9
2
619
29
14
281
826
1
328
654
318
52
177
291
2
2
270
619
58
1
2
59
5
773
2
11
162
55
12
227
1
12
2
65
530
37
1
223
100
957
3
427
42
10
68
34
565
135
272
21
3
1
7
2
4
583
1
974
1
1
910
194
309
14
580
3
454
985
879
9
1
13
9
2
775
4
340
2
1
3
413
2
296
11
1
381
8
1
53
450
6
1
6
128
119
5
8
96
347
18
293
40
809
4
2
45
2
44
4
134
759
1
4
40
372
175
1
504
870
99
44
86
10
13
135
225
131
284
147
17
32
1
382
165
55
11
26
7
165
1
130
8
117
495
318
2
31
35
5
250
9
1
1
12
1
637
8
134
7
319
3
526
195
1
1
162
30
1
28
2
1
62
9
981
100
3
1
3
16
10
5
24
455
341
5
28
490
1
2
4
352
13
52
19
885
17
195
37
10
38
32
1
2
11
9
234
20
105
7
3
5
37
3
79
1
5
101
5
233
64
22
219
28
3
292
18
58
1
22
1
35
2
3
645
3
91
12
277
308
321
2
5
4
816
120
4
10
164
359
19
25
1
129
1
7
35
72
2
16
37
1
33
1
4
7
3
58
12
40
103
31
44
78
3
250
10
56
93
1
48
4
162
4
1
61
31
2
251
54
2
5
199
356
494
2
4
25
318
133
95
83
173
78
4
79
11
97
152
1
75
817
187
229
3
389
577
104
94
1
203
126
349
57
24
631
56
3
2
23
191
1
26
1
52
1
6
5
700
1
43
258
26
546
40
4
3
183
817
156
83
9
20
4
3
892
1
908
3
1
149
11
1
3
7
409
39
1
170
943
12
1
619
63
11
14
57
1
2
4
129
24
75
2
129
38
755
29
241
1
459
13
169
4
337
16
1
94
40
7
18
44
15
197
2
9
63
5
30
2
1
121
4
3
3
53
2
1
6
91
3
751
53
121
488
8
1
2
109
1
11
614
1
237
514
426
2
3
82
21
6
873
544
4
71
52
13
565
19
8
119
6
389
44
27
18
120
1
3
52
105
2
387
7
168
3
39
61
104
1
7
27
3
1
5
677
252
213
59
72
7
44
2
146
31
2
963
561
159
56
2
55
1
285
287
1
68
3
7
31
62
44
636
10
1
43
2
897
4
591
2
417
642
94
164
5
30
559
263
4
288
66
1
19
1
648
35
8
173
875
5
430
586
75
77
12
3
177
3
3
1
302
111
63
249
21
141
347
4
4
6
561
61
7
31
11
4
32
18
46
56
42
68
60
394
47
57
16
13
5
2
7
743
19
4
1
180
7
48
8
7
4
876
47
16
45
15
45
292
404
15
28
2
193
6
1
1
22
1
24
269
765
29
936
53
7
248
5
321
607
1
3
119
201
3
126
338
84
656
1
1
61
321
2
33
632
5
119
5
4
40
33
12
110
163
3
4
800
172
86
5
19
54
76
5
44
289
45
3
3
6
53
21
5
228
6
2
213
133
102
2
889
1
1
71
5
23
21
1
55
3
6
207
248
228
1
1
2
67
75
1
2
332
817
1
33
4
96
76
10
259
10
1
129
720
156
1
2
8
3
984
1
15
185
244
19
9
348
286
6
36
1
43
161
8
888
452
190
271
869
951
24
358
14
262
8
11
1
5
1
94
142
1
2
1
21
104
1
6
68
1
5
311
83
35
134
841
6
90
431
2
204
1
48
278
3
2
1
156
67
41
261
88
182
1
16
45
2
1
2
676
2
18
6
971
370
12
3
293
6
47
1
780
552
6
405
2
3
86
5
2
45
27
28
835
173
730
656
477
5
2
5
2
67
8
127
308
8
82
259
21
384
150
353
3
86
30
42
277
14
2
1
14
150
277
3
17
108
4
3
9
1
2
5
2
1
2
2
3
9
3
28
2
4
4
1
119
1
380
3
3
3
21
97
3
10
8
15
731
4
29
16
930
851
1
1
951
409
370
17
583
158
4
2
1
9
594
100
183
4
172
240
6
601
2
9
9
1
5
18
47
8
47
525
8
1
7
2
395
121
78
1
222
141
125
1
1
8
63
13
214
2
134
8
155
39
2
1
3
75
140
8
21
39
60
9
1
18
940
1
4
30
1
8
1
27
3
1
156
3
183
8
323
17
2
7
201
29
277
236
3
2
347
4
530
400
124
677
94
9
6
100
413
43
3
27
1
16
800
572
1
4
328
49
645
9
52
71
939
3
68
219
27
74
1
63
1
1
52
855
2
105
34
94
4
422
185
2
769
1
52
421
853
1
17
254
106
4
712
763
1
29
107
82
14
250
42
5
7
82
20
8
2
2
197
408
1
3
131
428
12
1
404
169
1
3
9
499
1
1
1
19
3
12
854
85
1
2
2
679
1
54
8
107
5
170
165
16
12
4
1
40
1
11
27
93
183
556
9
703
42
4
497
11
7
8
3
517
481
36
1
49
6
2
68
7
566
1
62
3
7
148
3
132
174
3
2
243
4
373
2
287
400
1
656
996
234
344
2
17
277
69
1
12
859
1
2
22
5
70
46
43
102
1
5
412
15
115
283
640
1
4
24
118
30
384
65
5
18
599
81
4
337
2
272
1
19
37
369
124
287
15
137
12
3
29
6
4
1
17
25
52
33
3
54
45
4
30
5
4
30
566
3
43
1
1
536
3
62
31
1
8
710
7
11
939
6
164
474
1
1
199
542
959
2
102
3
277
560
554
614
7
32
4
477
588
3
93
5
1
3
7
925
64
12
6
11
182
22
904
63
89
1
682
16
5
666
2
216
128
299
5
703
1
2
335
1
224
30
88
37
34
199
478
31
25
124
116
262
15
1
28
180
1
142
86
147
4
3
164
7
78
4
2
70
2
368
314
8
3
2
11
5
657
2
23
523
40
3
795
929
1
63
7
149
1
1
4
22
4
347
769
91
1
23
14
46
16
30
1
47
260
78
3
9
31
436
2
4
7
8
2
64
367
16
107
365
5
51
95
67
2
26
1
18
1
327
3
7
842
636
92
3
2
44
2
11
525
2
2
5
50
463
8
8
10
78
2
91
12
815
265
50
8
29
57
3
7
418
23
2
1
28
5
730
21
2
53
1
15
59
911
556
38
224
176
2
126
26
738
37
667
1
364
1
343
109
19
144
98
411
7
6
297
1
53
19
394
79
41
62
1
355
6
93
6
64
3
6
749
35
10
14
2
1
9
502
26
2
4
529
133
99
7
41
93
27
554
67
4
676
1
56
16
1
1
21
860
7
7
1
3
12
16
278
5
2
30
1
1
99
187
758
438
36
3
6
2
10
2
1
29
51
22
3
1
1
63
50
5
6
789
9
22
149
25
23
12
107
536
183
2
256
2
724
420
55
11
1
153
609
9
45
24
854
11
509
805
919
4
8
4
30
158
5
252
14
15
18
210
3
7
1
11
7
2
86
507
9
14
1
27
373
30
26
1
38
32
1
775
33
175
35
1
1
1
3
1
4
339
1
2
237
479
1
2
52
690
1
4
4
11
50
526
14
35
1
25
1
937
3
98
1
13
197
380
3
7
57
12
20
258
2
8
26
363
72
5
7
50
3
5
29
18
49
19
29
391
53
48
322
25
33
600
2
6
14
6
108
108
18
1
70
49
1
4
14
2
122
4
621
1
1
33
6
22
29
710
779
88
539
501
128
38
862
981
4
897
1
65
14
2
913
1
2
942
826
13
6
541
23
1
901
102
986
183
136
10
40
9
345
5
254
3
6
2
20
8
6
9
528
5
2
10
895
423
2
2
105
127
56
263
1
1
247
9
8
357
3
1
1
274
1
4
784
19
7
146
255
318
12
1
279
3
1
391
70
155
1
62
606
492
126
7
1
1
5
37
964
168
336
485
166
1
10
1
2
22
15
2
1
16
274
3
89
423
250
631
116
27
2
8
252
258
21
191
15
10
16
107
7
20
463
57
263
62
374
63
3
1
60
3
273
128
2
31
57
1
217
1
981
35
252
2
127
977
698
471
66
170
7
2
2
31
4
20
3
125
760
425
2
23
1
1
4
628
15
432
78
1
1
217
36
1
134
133
761
8
108
4
27
137
1
41
1
40
2
6
4
37
1
148
152
28
297
113
582
3
17
8
1
43
12
934
33
70
139
2
9
2
3
17
5
13
21
66
7
2
2
1
2
1
792
1
76
1
16
44
77
917
28
44
7
129
299
1
1
840
36
391
1
3
1
26
2
106
6
110
56
121
634
17
256
40
1
22
864
23
313
1
720
208
5
102
675
27
50
7
3
41
434
36
55
93
5
331
50
680
162
49
387
1
16
7
92
116
195
133
85
252
11
1
533
548
2
1
6
174
415
8
1
435
3
433
1
13
126
281
28
6
98
16
8
366
74
371
79
1
8
877
30
12
92
12
150
452
702
552
1
12
3
12
1
3
40
1
7
1
20
3
298
23
3
1
2
6
59
230
361
1
1
6
36
3
4
312
16
671
6
6
1
40
563
7
112
22
78
37
38
11
9
1
1
4
86
15
316
504
4
627
108
1
58
203
1
293
575
13
64
1
1
7
584
325
17
572
3
1
146
4
3
261
215
29
15
173
19
5
4
133
938
7
117
4
6
865
606
10
857
11
18
1
1
1
153
134
23
2
270
21
28
186
153
322
1
5
2
3
9
352
12
3
4
2
7
699
8
2
1
1
364
35
177
677
7
479
189
32
713
3
1
3
173
2
15
2
539
2
25
1
1
32
5
132
33
3
6
570
17
4
1
8
274
2
89
456
2
7
5
5
935
567
89
2
9
2
332
34
615
4
1
1
5
365
151
972
1
9
20
15
3
41
2
13
137
229
462
20
28
53
10
266
137
61
482
76
872
624
483
27
4
37
5
604
54
766
7
2
920
391
6
173
1
9
1
4
347
415
113
64
494
3
109
114
2
10
987
251
39
1
12
7
2
16
411
52
1
1
640
7
22
56
193
257
28
133
85
380
321
8
108
2
13
142
426
1
966
586
27
10
56
1
580
633
1
27
16
11
5
81
5
1
27
69
58
196
8
53
79
3
3
9
228
103
942
629
12
25
1
592
565
2
11
668
6
847
3
1
25
49
46
1
1
1
159
36
144
409
1
116
8
2
974
5
123
1
3
67
41
326
235
9
24
37
79
344
10
794
11
2
2
983
12
2
2
783
4
3
47
6
143
541
17
133
40
31
686
1
9
78
5
2
2
78
41
412
318
340
423
410
468
3
280
1
33
127
18
10
137
1
1
68
26
1
12
3
102
7
4
43
3
87
74
44
1
4
4
866
14
796
2
1
5
93
950
1
219
689
234
1
285
27
731
41
20
64
3
688
5
393
8
92
49
88
3
20
3
7
3
366
108
291
120
3
24
36
409
7
1
4
437
520
83
206
47
1
11
77
1
156
1
263
90
4
34
36
71
3
80
86
6
6
631
61
4
1
1
5
171
9
886
100
49
1
1
346
7
242
5
51
2
44
1
49
1
1
254
1
336
1
5
11
608
8
41
146
306
3
266
1
109
19
73
5
29
4
28
1
3
3
330
1
2
2
14
11
13
67
2
908
1
5
2
2
17
97
5
61
65
1
14
2
1
25
161
1
8
27
69
9
7
50
1
177
52
572
380
22
1
25
1
159
953
1
6
136
681
49
23
2
697
20
4
1
1
431
23
242
38
2
122
49
19
4
74
513
871
3
48
1
21
1
14
11
28
35
1
567
238
137
3
307
6
1
241
26
18
23
21
114
354
516
144
6
1
2
137
5
10
2
276
1
761
60
211
1
35
11
3
102
1
16
1
23
2
389
475
12
3
44
1
7
882
16
124
846
5
1
47
591
13
23
482
3
68
120
3
91
5
57
583
23
200
605
714
251
3
418
1
1
500
19
743
904
120
27
27
37
488
87
41
3
445
307
26
33
2
6
12
63
16
126
9
11
403
113
3
6
121
52
786
2
4
34
30
105
3
2
22
15
2
587
51
66
87
1
1
13
8
2
14
17
8
99
13
21
48
2
1
5
79
4
8
17
93
150
6
97
5
4
372
160
460
132
2
10
396
1
8
36
1
1
5
7
330
8
138
774
3
39
1
102
115
28
35
224
234
3
291
2
230
233
7
4
34
1
15
29
607
197
11
798
78
1
10
29
1
12
1
917
2
7
52
1
22
1
6
738
2
71
1
959
24
569
1
28
334
166
16
11
21
835
122
121
24
445
12
122
4
5
267
2
890
656
14
9
265
2
22
3
123
7
124
14
2
4
2
226
1
14
2
24
556
213
227
4
28
23
14
271
368
51
8
91
6
4
537
272
1
306
6
23
10
528
390
3
5
1
24
49
6
5
500
973
26
5
75
2
54
8
77
24
350
176
1
14
86
32
11
6
85
150
411
1
759
1
5
6
268
20
2
4
56
1
27
1
107
12
30
259
17
31
228
2
13
5
838
14
28
1
481
1
3
5
31
5
898
50
10
327
211
54
1
158
52
9
3
1
1
4
499
194
18
78
648
17
433
16
416
1
8
2
1
89
9
191
14
77
15
86
1
10
580
1
143
38
2
4
334
9
144
79
379
2
1
3
2
4
1
108
1
10
130
63
60
3
7
6
1
557
971
943
502
4
11
108
238
620
6
50
2
9
325
284
29
7
36
21
7
364
80
33
2
20
530
233
20
912
75
11
63
546
154
206
47
136
11
5
310
270
82
797
2
226
34
19
18
7
561
525
256
900
209
8
164
2
137
2
401
71
28
28
5
165
592
40
986
1
1000
988
13
11
326
341
22
20
55
732
6
10
128
2
13
305
1
1
1
419
867
7
188
59
19
83
1
44
9
200
353
601
30
2
146
12
1
103
212
12
3
19
16
2
15
144
5
336
721
2
561
2
20
7
1
53
30
9
2
13
672
196
3
229
185
131
1
1
14
341
10
237
150
80
108
639
9
1
144
3
2
1
458
2
1
1
1
795
568
287
9
9
7
2
3
2
4
1
10
49
1
272
443
4
453
596
2
428
79
12
4
7
112
58
224
1
1
16
6
345
6
221
897
1
41
101
328
73
765
39
1
53
76
4
79
1
29
8
6
14
2
742
5
390
4
13
10
306
12
14
1
3
303
224
773
81
32
5
106
446
553
17
54
1
3
250
10
6
273
595
429
10
79
48
42
15
1
2
167
422
20
9
734
17
2
9
28
4
216
51
1
6
29
6
122
1
592
13
2
378
251
223
6
978
47
543
1
1
59
13
1
439
1
2
10
450
63
5
11
3
3
393
10
2
2
9
14
47
25
8
232
1
4
2
189
37
167
43
25
6
118
349
2
330
1
80
35
346
9
86
1
42
114
1
4
2
732
5
1
425
9
1
3
3
37
19
1
172
83
674
5
4
22
62
128
11
31
447
164
1
61
126
277
1
4
61
4
187
1
5
168
7
61
6
701
1
307
3
14
10
3
4
6
323
677
3
21
3
41
196
337
28
24
4
62
582
82
532
534
58
5
24
19
382
958
5
285
346
61
11
19
26
6
4
124
580
684
78
19
6
14
11
9
81
122
1
310
18
12
87
114
5
75
94
1
84
766
3
113
13
40
199
1
54
137
11
160
47
2
15
764
1
619
478
7
56
62
6
15
96
7
909
109
2
964
879
1
658
151
590
616
720
126
1
360
1
199
2
2
2
16
157
3
544
216
582
1
20
656
1
1
30
1
60
1
5
106
60
8
22
6
1
41
265
24
448
1
48
1
2
465
36
4
297
11
100
137
6
340
153
177
1
9
149
9
1
90
38
1
3
2
44
733
349
6
1
147
867
1
2
206
4
147
9
579
1
4
1
660
4
1
779
882
5
24
96
104
42
1
225
21
32
15
2
8
632
1
2
145
946
374
1
208
21
1
26
476
698
642
1
35
31
116
244
234
643
5
36
66
2
9
2
50
156
34
469
44
1
4
100
12
11
166
6
299
696
44
18
19
31
23
695
9
100
8
443
527
465
22
18
21
2
15
181
131
3
814
169
1
296
1
70
15
236
1
5
1
108
4
143
85
4
579
141
489
275
483
1
248
2
45
54
634
39
542
208
9
210
6
9
51
9
50
142
55
2
49
459
382
1
36
446
22
292
161
86
299
2
653
609
48
103
669
4
32
18
2
236
595
59
12
42
81
3
1
79
76
7
109
391
25
2
2
158
1
231
50
189
1
28
15
224
417
7
26
1
41
1
154
169
1
170
923
5
7
51
1
503
5
47
39
3
37
31
77
983
282
789
2
12
84
513
14
1
16
527
2
2
633
1
1
8
88
1
308
1
4
56
11
28
266
1
6
56
37
50
316
914
1
14
1
254
1
95
236
1
2
2
1
83
1
517
143
1
94
258
37
313
4
2
31
199
3
726
56
16
608
48
1
1
8
86
59
50
423
1
268
118
290
20
110
180
14
340
194
6
9
36
15
13
44
1
20
339
499
51
36
959
207
2
1
23
3
279
230
7
20
26
1
74
1
8
1
22
1
1
1
7
3
3
3
139
18
288
1
993
43
41
44
6
217
142
40
52
441
10
275
59
570
78
10
29
4
2
16
31
123
423
606
5
110
1
1
1
5
98
16
6
10
12
61
693
655
1
32
242
513
10
115
11
128
1
2
25
73
132
841
4
228
36
18
1
13
53
2
7
172
1
301
2
13
1
841
16
1
6
8
56
21
3
1
1
85
4
1
478
24
1
427
2
43
3
3
24
134
108
753
387
841
306
6
1
774
3
1
2
185
61
464
21
156
1
516
2
2
775
8
930
3
30
13
30
620
2
3
40
402
78
426
22
51
129
4
2
206
2
3
3
32
17
64
17
998
3
3
1
150
74
801
109
12
8
408
68
12
1
15
44
75
31
613
1
689
28
30
14
19
85
14
953
1
89
541
259
20
19
637
66
512
83
1
4
20
319
19
17
1
2
31
2
205
115
24
1
25
2
9
8
4
43
292
15
298
6
2
1
617
231
2
47
4
12
50
1
265
113
802
32
12
82
634
58
1
145
32
44
675
1
105
109
209
2
103
315
12
219
1
1
37
21
227
35
1
1
503
108
7
4
420
693
2
2
45
482
22
44
577
134
30
16
13
13
38
19
962
391
8
457
3
3
1
235
329
293
3
203
221
1
1
200
3
6
145
696
4
57
5
5
199
1
1
6
5
3
595
198
9
1
74
540
54
2
12
59
110
1
12
1
2
2
13
8
13
22
8
18
3
70
180
35
60
16
185
11
54
1
146
1
123
19
16
1
21
43
1
365
84
67
459
194
1
28
745
30
1
6
6
27
337
1
83
1
316
242
44
2
23
120
1
100
60
774
6
6
2
150
400
5
246
63
330
249
541
134
2
1
9
4
4
4
4
2
25
126
47
74
559
43
428
470
1
63
107
2
1
6
5
433
196
861
53
19
8
1
22
28
123
1
199
9
404
37
23
1
1
276
94
1
168
353
51
104
12
6
19
102
667
738
35
25
238
6
78
391
6
55
26
106
24
229
20
689
7
86
376
1
1
575
15
1
319
64
126
2
46
3
78
546
1
11
15
45
124
171
107
1
4
26
9
276
77
42
673
180
841
4
51
7
16
1
5
11
796
12
256
4
7
117
2
21
36
3
3
17
1
595
178
476
375
11
5
63
4
9
1
2
56
4
2
9
110
18
139
345
26
1
61
4
1
270
12
12
33
4
2
176
11
39
2
157
1
1
1
1
1
57
947
3
11
74
30
4
1
2
2
1
1
1
65
13
4
19
132
4
2
121
392
6
18
236
5
696
448
11
237
1
3
216
69
179
3
25
2
23
102
203
3
31
97
675
2
273
22
32
1
2
19
6
547
4
45
17
1
1
2
1
14
5
415
1
572
85
445
152
29
530
1
35
5
4
296
9
49
70
152
5
1
89
30
404
23
32
2
162
1
53
12
28
40
897
203
347
1
6
334
35
1
183
2
44
58
335
183
394
74
101
184
346
224
90
9
100
2
18
226
203
1
326
172
9
46
148
3
63
26
69
9
4
12
2
2
27
23
188
13
2
462
79
7
438
673
14
1
331
249
9
684
2
76
2
116
2
14
129
6
1
7
30
681
1
5
974
450
152
176
68
2
59
261
268
41
9
7
19
394
2
153
64
18
1
1
3
1
1
52
2
173
22
2
610
1
2
399
153
102
18
11
249
923
75
734
1
1
4
1
183
1
24
12
6
6
181
1
5
40
129
19
31
421
29
23
13
16
5
50
413
1
3
581
223
554
3
14
228
52
1
946
13
408
33
1
6
858
9
2
21
97
1
8
91
423
15
43
2
105
258
46
9
394
1
115
142
1
78
515
2
221
7
14
1
2
2
16
3
128
741
611
29
239
2
2
115
3
1
23
473
2
2
1
12
74
11
79
471
10
1
7
726
8
9
53
36
8
9
486
7
268
4
122
170
39
99
1
71
4
206
59
3
10
2
1
2
57
1
289
21
12
15
897
1
4
86
1
2
116
38
1
1
66
747
7
552
18
9
3
21
6
4
13
218
435
8
79
11
5
25
159
76
9
261
7
680
39
4
11
475
1
66
2
5
36
31
1
88
2
490
367
237
376
48
18
81
16
25
296
813
190
2
4
5
30
8
13
5
382
29
923
3
2
471
82
121
78
1
2
1
244
65
66
26
83
10
67
2
6
8
323
556
11
528
435
2
7
8
12
416
52
365
145
46
53
7
1
6
4
626
9
3
43
65
948
12
2
29
132
8
1
247
2
3
57
31
567
328
1
11
1
2
136
55
1
10
35
243
3
1
574
193
348
80
1
1
239
3
284
5
474
20
6
707
88
3
123
16
11
199
2
3
81
39
2
2
3
1
22
86
1
59
4
1
1
357
2
227
54
1
7
448
275
22
2
63
6
271
235
183
417
3
70
2
35
157
363
8
879
58
144
4
6
13
990
65
874
24
242
8
2
1
8
2
304
2
16
8
36
11
1
3
16
827
1
91
17
21
6
2
113
2
439
3
41
3
690
37
665
106
633
2
10
1
260
47
1
3
34
23
6
905
15
5
1
32
953
53
9
16
88
13
44
2
3
16
35
179
112
8
31
139
255
11
676
560
11
159
918
38
45
1
291
140
2
16
16
17
1
619
166
7
13
269
2
11
16
4
12
2
3
120
8
172
3
1
2
1
152
29
1
21
1
11
683
29
18
6
6
158
288
323
24
336
2
1
622
444
86
676
360
1
2
185
3
702
290
55
193
37
1
182
221
50
937
194
228
87
188
7
1
7
7
1
577
7
8
9
162
1
48
299
198
5
4
1
14
4
147
906
30
2
193
2
23
1
843
373
5
369
1
512
3
2
16
1
9
6
6
68
64
4
553
119
1
151
1
82
65
73
32
157
276
103
2
2
71
6
460
13
4
714
2
2
137
81
1
302
14
1
49
16
106
684
4
888
312
