49
355
1
13
227
742
9
100
477
328
104
112
54
238
20
497
77
110
910
279
574
46
181
25
247
133
796
137
346
248
325
946
273
268
1
7
437
4
23
2
519
448
48
860
169
74
1
135
834
13
105
868
301
631
127
723
2
269
104
255
13
79
246
140
287
389
535
1
443
676
99
160
26
531
294
54
726
7
247
499
982
7
949
674
3
9
102
814
754
6
27
502
43
768
480
120
157
164
6
784
934
415
774
179
52
176
162
12
2
70
24
288
1
504
2
96
203
4
406
67
21
116
301
642
1
539
1
623
884
198
930
187
30
55
7
63
320
573
3
12
3
664
99
769
2
5
789
16
195
8
85
416
48
78
881
111
164
434
513
31
155
917
2
520
822
14
246
305
23
15
626
140
172
942
2
3
314
222
70
20
179
13
5
141
16
380
331
846
877
1
6
917
530
614
259
404
264
107
609
4
404
273
136
48
100
6
83
54
615
184
787
909
8
204
207
650
87
353
1
36
612
105
4
208
85
940
456
121
216
744
281
738
78
9
21
452
380
729
4
889
7
957
2
371
26
1
625
104
3
688
534
5
12
877
442
22
75
479
535
10
62
239
65
29
87
266
84
11
508
110
263
27
387
523
503
69
246
20
369
657
25
215
431
447
382
7
545
81
449
10
16
347
25
646
71
246
52
43
962
586
340
5
27
466
48
445
4
638
116
12
395
53
808
35
185
395
369
798
290
254
10
1
43
19
19
51
1
22
197
783
137
244
1
487
341
695
273
906
165
315
97
431
951
8
280
1
406
242
719
15
275
13
33
197
310
2
70
93
94
134
66
605
297
55
121
4
301
771
113
88
97
217
419
419
26
530
820
2
613
1
128
893
14
700
91
10
977
97
644
104
1
41
641
674
10
16
5
485
3
771
985
154
321
714
402
331
1
65
299
94
19
506
22
29
4
9
667
6
16
234
7
215
535
165
52
2
998
80
206
90
7
435
469
380
54
756
62
555
928
4
96
14
338
235
1
407
496
671
921
341
118
1
16
936
187
604
8
122
34
145
10
480
523
224
491
40
999
30
853
21
293
75
624
397
107
665
726
35
5
299
102
173
56
198
81
366
250
17
260
5
34
20
17
16
431
634
916
66
908
8
934
547
3
152
44
73
58
88
60
566
55
561
64
38
33
983
713
620
228
507
61
715
731
3
785
25
10
49
5
69
838
622
629
708
337
271
50
403
20
936
631
58
467
146
172
562
115
99
1
593
697
295
70
514
288
337
1
72
237
240
87
251
24
222
5
54
72
970
16
43
381
419
528
6
812
977
861
624
133
173
242
362
415
717
826
1
261
117
595
195
87
43
673
1
1
707
175
62
367
102
118
69
432
436
4
110
709
155
791
20
8
276
994
870
189
296
71
384
324
420
687
10
449
221
1
238
211
1
702
2
361
5
376
376
409
307
143
416
603
86
28
375
612
12
168
324
767
13
644
3
124
2
6
290
4
649
22
88
640
955
814
290
690
478
430
43
72
79
5
249
1
30
2
286
977
46
1
347
522
495
55
634
265
956
71
796
744
752
7
1
136
15
188
573
46
8
898
3
601
88
1000
66
1
236
642
2
120
609
1
561
368
438
295
151
311
10
393
435
52
679
586
136
916
486
360
2
54
457
22
665
745
260
633
48
177
149
70
13
31
95
261
15
607
175
658
246
509
587
182
9
175
1
96
337
215
165
445
553
151
66
172
286
532
2
123
16
865
57
105
401
392
754
488
705
500
12
15
371
16
36
233
296
907
186
88
223
580
323
40
760
273
125
293
3
965
13
908
10
2
470
431
663
16
933
66
250
4
659
6
839
162
487
29
314
635
5
96
17
894
844
223
840
697
22
261
540
198
797
396
10
862
75
856
225
2
400
285
547
158
994
37
250
684
830
11
732
4
155
291
27
194
8
413
901
327
168
661
652
934
533
7
159
40
81
219
975
122
193
40
1
42
552
14
936
124
537
911
16
26
288
314
297
122
630
154
2
58
893
24
105
198
575
225
334
29
959
827
874
257
104
87
562
71
21
9
69
407
116
43
5
945
231
143
1
87
894
26
1
28
24
331
289
143
24
905
18
508
128
219
1
4
213
659
555
796
699
127
86
19
74
1
335
14
409
498
3
994
460
51
388
403
784
165
26
199
851
247
3
697
13
2
132
45
729
767
681
507
62
896
432
203
1
466
147
72
748
424
641
179
883
31
84
69
1
6
157
331
403
228
27
63
793
33
3
400
535
35
32
5
868
2
50
381
837
82
34
51
310
109
742
767
818
2
62
187
947
37
576
122
397
21
159
29
1
339
7
305
55
566
766
2
10
732
781
6
88
3
6
51
26
306
262
5
144
412
90
15
309
166
999
261
108
298
457
2
759
143
42
532
109
696
57
212
226
93
2
138
58
148
357
13
450
560
62
172
331
145
279
303
303
36
306
653
2
812
840
252
344
99
364
222
427
667
180
129
727
34
404
126
513
2
381
187
79
567
904
36
760
25
400
13
8
141
37
9
516
28
622
955
255
37
198
233
9
2
59
98
143
314
256
15
574
339
744
57
325
922
3
59
200
120
45
558
158
4
24
91
887
43
753
693
1
450
753
5
97
842
684
197
474
443
601
21
233
301
21
13
49
13
320
755
223
977
763
508
714
745
758
30
37
3
31
748
19
305
364
827
239
1000
242
835
612
109
630
62
23
6
116
4
726
239
2
317
347
466
44
473
22
693
366
27
179
316
60
83
773
238
10
107
508
359
616
12
84
431
613
7
566
853
563
67
303
126
18
206
2
4
73
225
280
11
474
252
90
51
150
177
411
9
328
18
51
380
989
955
582
167
90
61
10
321
443
655
1
335
5
14
162
537
288
251
19
12
104
19
506
9
385
1
61
925
370
580
119
798
85
94
79
163
24
36
168
151
461
28
792
4
29
490
735
368
17
441
54
69
59
159
22
931
410
65
9
22
39
3
22
577
353
2
1
511
329
811
292
473
180
279
45
804
201
886
770
714
412
284
5
43
243
921
86
627
241
34
151
409
680
142
420
15
757
275
124
113
350
28
29
2
13
227
968
513
81
118
148
799
236
3
621
348
45
132
77
4
120
903
688
34
442
4
65
424
67
124
27
352
3
143
55
219
15
464
691
443
146
884
674
16
481
689
15
479
458
167
11
53
328
56
71
188
228
61
1
350
37
292
745
126
120
278
436
283
3
25
758
4
198
61
239
71
32
793
807
999
818
133
402
139
886
158
27
362
739
260
777
189
234
262
465
3
1
19
5
180
69
37
11
310
433
423
447
133
266
91
29
20
832
728
16
157
719
13
102
459
530
9
627
372
294
184
51
4
873
699
1
1
249
88
780
661
543
705
1
178
23
699
9
133
856
406
855
15
939
73
497
642
19
168
88
585
418
392
4
666
93
509
143
145
1
125
75
3
45
419
955
16
223
411
896
8
355
245
291
11
40
403
873
233
182
13
63
2
62
94
7
371
398
60
111
79
113
79
18
250
19
481
970
785
42
672
651
489
208
880
22
904
911
684
17
51
2
36
803
265
2
133
9
392
105
952
671
98
9
8
779
59
933
26
49
896
3
75
9
762
705
20
808
719
6
533
317
35
328
323
48
523
3
634
319
926
546
440
400
104
20
6
429
452
216
71
215
186
28
123
877
707
60
46
730
239
275
295
1
9
114
244
657
430
826
211
132
86
2
7
556
1
6
502
15
89
11
235
26
7
352
110
13
65
810
234
904
39
644
562
174
497
131
938
2
106
517
287
212
209
900
48
714
85
393
223
198
557
18
264
628
798
236
497
5
379
7
904
21
49
146
11
130
599
149
425
509
662
513
2
904
283
109
292
158
147
95
8
922
193
9
2
311
855
313
121
8
452
923
10
291
640
2
628
349
890
848
396
537
192
228
605
103
20
514
20
858
132
41
241
579
220
319
97
756
243
655
785
27
81
939
185
46
89
8
264
212
18
72
3
880
8
300
669
178
629
39
471
188
57
2
455
45
14
30
55
933
92
177
197
45
270
203
37
120
224
171
489
637
581
48
54
36
60
11
758
15
274
15
176
15
810
1
601
14
785
399
66
421
206
391
444
240
108
111
398
464
37
9
27
4
5
530
108
232
10
5
522
80
366
40
111
21
75
723
808
292
942
538
96
647
458
438
874
11
240
5
6
890
325
141
599
30
20
20
870
15
440
160
231
855
417
76
86
3
24
527
154
81
140
109
653
101
684
63
909
684
966
837
239
169
148
533
26
73
943
948
970
711
27
41
994
382
5
174
383
288
246
6
186
655
357
19
356
223
425
287
780
527
42
457
38
829
302
476
1
9
325
1
533
78
21
249
296
256
1
7
86
6
217
612
13
3
833
460
1
63
89
985
6
238
282
429
45
496
307
438
290
206
466
35
533
393
46
136
126
637
34
20
176
691
365
21
252
109
286
538
3
942
161
753
615
463
640
103
1
11
50
68
514
494
210
12
25
121
7
18
402
492
165
167
150
75
37
1
763
343
556
357
422
927
294
190
867
200
584
13
91
86
22
52
2
130
136
813
72
17
9
10
1
134
60
20
82
10
16
709
50
7
35
1
66
328
98
378
194
59
522
46
97
1
320
185
115
63
572
502
112
236
181
348
2
75
701
62
653
554
93
98
3
126
13
147
128
633
3
732
785
161
681
233
165
352
255
41
124
476
827
42
443
18
909
38
72
411
29
44
771
951
805
838
271
61
423
745
895
46
4
914
14
36
577
162
62
980
2
336
987
675
12
729
18
24
708
687
17
55
162
54
42
30
40
29
820
62
844
3
103
492
55
5
15
508
174
28
934
679
154
1
523
130
657
165
114
19
486
950
29
991
405
65
206
20
62
253
134
70
226
363
919
138
71
576
128
20
141
225
136
377
19
447
27
425
294
798
445
152
20
442
1
1
173
617
110
222
1
41
49
728
30
387
47
589
3
946
314
624
2
399
357
10
579
767
43
191
131
29
30
109
347
871
628
16
17
393
3
753
2
577
142
990
447
199
966
980
346
2
694
64
3
5
302
569
132
55
347
617
941
17
155
31
129
538
139
45
185
73
376
19
41
146
2
24
150
222
370
214
655
441
93
137
631
11
40
1
864
179
131
78
247
688
34
9
513
77
873
64
591
599
196
3
2
344
83
51
103
55
161
73
70
596
190
437
86
581
161
2
163
45
215
244
758
765
328
135
68
345
13
792
303
544
875
398
333
892
727
248
487
27
81
691
682
56
559
5
399
352
952
949
356
680
36
29
9
297
825
1000
673
2
767
665
578
117
127
5
4
335
31
12
955
305
885
150
39
309
856
345
78
41
977
496
7
4
476
324
909
972
942
71
488
365
94
3
816
567
12
277
438
643
448
153
8
63
418
970
159
1
8
37
374
267
962
16
886
228
318
1
474
335
918
54
123
38
374
177
108
211
63
441
13
35
369
615
476
599
89
148
113
45
1
191
39
131
641
97
939
280
296
716
26
3
143
8
4
588
99
40
100
75
199
51
111
657
85
81
34
238
16
424
2
189
15
532
86
376
233
62
769
2
425
89
30
392
25
1
247
706
59
17
800
393
38
835
748
948
986
431
507
435
197
395
804
25
51
45
980
992
47
712
401
8
910
136
16
135
335
15
242
969
67
53
30
29
26
291
875
22
9
318
190
185
750
279
798
497
726
1
10
753
289
554
1
99
800
47
11
147
539
281
72
441
15
212
77
139
968
35
965
14
586
546
29
52
3
266
204
8
155
257
168
19
415
104
34
466
164
294
189
1
4
908
57
784
320
35
222
3
852
365
115
1
852
78
39
498
43
75
107
13
8
565
8
9
982
27
101
448
51
973
327
229
2
679
279
872
11
1
63
502
262
80
31
111
789
356
101
38
48
731
798
16
532
2
1
177
380
300
391
282
755
2
265
5
116
637
651
828
416
141
864
14
221
516
132
194
817
854
192
100
829
50
113
167
3
489
156
196
304
928
435
768
329
359
722
36
295
118
3
18
108
358
103
441
45
457
683
717
91
402
659
14
3
120
61
240
486
569
468
66
5
724
52
169
9
219
20
17
421
78
9
1
214
681
141
637
900
134
697
41
43
138
680
281
716
164
21
153
2
20
108
150
413
450
84
934
325
769
975
786
38
830
836
274
1
578
679
564
186
6
15
377
366
831
1
645
62
551
244
631
21
40
7
329
339
511
147
48
507
208
767
21
455
760
366
38
774
560
591
530
477
42
134
146
69
72
195
125
10
994
1
38
415
89
38
7
7
20
251
276
38
166
28
836
20
15
42
217
318
28
68
508
21
473
2
57
555
890
47
139
64
904
128
208
865
262
12
20
126
259
326
149
46
28
845
69
386
562
184
382
165
610
695
140
3
15
11
686
11
608
547
127
222
548
21
23
434
482
23
870
24
308
417
182
950
3
4
156
3
6
454
885
317
8
890
608
137
249
196
312
4
28
777
67
876
451
61
148
525
271
76
76
295
32
815
2
587
819
16
113
196
209
59
298
680
341
707
59
24
1000
258
13
407
192
244
2
1
5
127
48
755
124
135
190
348
833
934
79
1
216
845
149
118
34
5
363
56
453
2
18
759
105
281
544
109
432
740
861
16
203
14
53
4
2
750
487
201
30
88
17
383
74
809
319
2
101
235
742
12
675
20
190
112
5
49
776
155
103
101
595
35
140
36
402
513
255
653
996
129
346
242
620
96
1
167
53
147
1
58
1
63
943
762
9
311
828
10
421
111
964
693
123
629
168
669
70
8
27
76
14
82
6
99
70
365
190
49
540
675
252
305
188
213
334
37
423
788
1
446
220
275
54
31
301
364
537
1
73
14
499
8
549
67
472
322
279
497
11
692
75
387
48
113
279
1
292
968
35
478
243
48
22
183
412
705
35
796
4
810
812
49
13
13
628
4
8
533
975
681
22
50
937
961
5
814
201
573
52
26
60
106
152
52
220
455
227
959
3
305
64
41
602
66
92
13
1
289
190
687
43
5
339
716
423
2
223
80
77
838
514
76
17
549
204
356
242
421
25
37
7
2
73
487
374
352
765
199
1
43
292
737
518
211
136
986
293
323
557
14
26
959
207
39
126
28
2
91
333
391
192
224
175
172
81
8
594
265
176
22
16
12
223
5
779
982
466
11
512
1
159
10
1
380
17
68
92
2
82
609
76
154
379
61
577
23
116
416
9
101
2
735
75
406
471
60
617
886
898
7
396
397
133
79
29
4
974
78
263
151
529
408
65
6
133
841
116
774
586
452
82
528
191
1
205
13
7
84
603
52
78
153
7
390
316
710
339
18
59
340
14
311
919
21
1
12
279
442
85
235
573
458
53
725
98
7
108
428
264
79
504
829
378
24
23
89
605
610
8
403
209
597
233
133
3
321
341
25
149
803
7
1
176
324
789
780
3
10
390
27
4
627
98
367
34
214
189
14
65
135
982
10
136
120
201
10
23
991
807
31
124
851
45
34
16
17
643
254
504
289
139
176
248
280
94
3
154
667
679
477
28
175
50
159
557
40
117
117
54
3
2
83
1
1
916
849
1
733
337
210
49
260
26
411
465
115
124
113
16
677
140
368
549
1
6
15
756
776
303
950
446
43
68
127
443
51
208
123
192
50
12
767
896
18
893
504
410
339
977
209
961
284
123
28
238
558
888
363
578
54
239
417
1
577
9
795
235
362
157
534
59
178
630
324
343
1
363
2
637
708
188
930
291
235
295
112
75
46
318
145
3
215
527
75
86
948
617
58
277
73
691
537
150
142
853
315
16
343
450
187
1
22
177
50
627
136
277
568
236
132
3
1
15
3
133
191
878
505
223
74
698
2
634
427
79
548
813
2
995
552
737
848
854
60
44
1
180
351
28
430
712
107
143
215
384
422
282
43
582
14
484
118
264
17
317
596
411
654
804
359
150
341
519
189
556
488
223
16
970
717
3
256
81
579
852
74
417
282
106
100
83
45
397
25
839
853
283
88
294
2
140
673
454
152
595
9
253
6
872
251
147
67
33
72
305
677
242
242
495
728
637
64
44
882
770
552
396
8
912
953
105
141
659
7
964
484
57
369
133
162
199
372
397
680
57
195
1
470
464
89
1
220
46
102
18
973
28
282
334
569
2
15
890
175
10
432
447
90
654
61
104
989
17
54
50
545
7
168
151
154
9
231
371
10
987
101
497
116
267
5
253
44
42
51
220
28
187
413
247
236
641
33
611
737
7
341
800
36
139
7
93
95
88
11
755
244
484
9
994
391
239
944
5
331
203
6
707
26
2
738
357
43
305
154
17
227
93
2
472
57
176
381
434
266
256
1
963
24
648
619
557
797
75
380
306
28
12
413
98
88
1
26
232
174
131
151
6
63
240
16
555
504
846
142
778
643
336
920
734
502
142
3
27
479
24
11
126
11
23
16
243
24
975
188
987
91
110
90
156
338
356
430
52
166
458
100
276
819
489
223
103
18
34
167
648
296
158
504
40
74
256
2
190
363
230
460
86
640
494
5
196
216
52
974
7
17
922
730
728
12
1
246
216
343
536
364
329
789
969
789
5
633
666
108
945
943
37
5
121
516
4
285
362
135
17
755
2
389
51
685
42
630
253
178
372
5
342
4
737
26
674
79
133
15
413
42
855
8
11
2
87
240
60
928
119
715
56
922
204
24
780
184
359
227
927
80
68
165
758
67
26
43
43
283
20
93
69
11
188
210
54
34
858
441
197
698
106
310
316
457
122
742
6
600
484
64
128
294
24
345
471
633
39
805
9
752
148
101
657
5
184
350
445
640
329
275
237
8
122
43
599
25
6
14
183
610
148
44
783
2
823
972
574
4
828
41
894
193
73
727
276
799
29
482
605
67
5
103
355
796
43
636
138
986
718
710
320
3
861
721
635
1
418
615
62
28
786
452
71
22
479
654
100
888
396
716
30
905
125
932
332
22
917
212
346
113
119
239
616
190
724
34
140
13
65
268
239
457
99
945
945
291
759
451
716
495
91
295
5
493
451
987
157
279
202
904
775
108
44
821
143
295
284
205
257
497
69
571
25
653
248
139
893
43
256
2
371
163
82
39
27
478
603
12
552
525
98
203
238
92
25
890
682
368
123
100
418
188
607
1
347
344
107
4
948
82
300
957
45
403
796
96
645
484
369
448
62
605
284
19
491
6
518
753
4
547
1
318
581
1
668
830
33
85
252
687
252
37
537
367
185
43
7
416
695
911
634
166
174
816
134
54
10
10
758
51
670
184
33
50
280
81
853
185
955
10
345
822
34
536
138
704
284
9
224
323
821
331
272
628
343
531
7
629
994
798
573
136
9
1
17
705
582
88
1
510
362
331
678
281
29
79
4
445
117
772
46
66
3
64
1
22
11
290
1
611
342
177
577
2
928
14
685
458
519
458
980
369
3
17
101
279
347
147
242
264
670
169
3
58
457
775
994
800
311
316
390
141
155
696
59
631
743
207
5
496
2
619
5
667
5
751
171
5
6
25
10
677
1
430
30
42
460
126
267
351
2
353
262
47
165
12
2
567
232
963
19
282
79
43
66
872
6
679
294
2
6
295
39
55
178
573
348
226
205
4
295
16
71
798
123
246
461
219
604
53
138
821
765
3
31
5
360
43
41
13
271
58
757
223
54
987
4
634
206
829
490
620
3
143
687
1
1
799
65
106
36
351
394
819
959
520
12
13
4
713
773
65
580
116
16
757
201
326
866
215
7
8
44
392
523
82
456
672
35
53
11
438
174
258
119
424
16
1
541
187
960
260
233
35
2
83
896
8
828
32
105
244
26
235
18
28
51
87
2
937
1
679
309
39
487
888
933
745
459
57
734
25
65
392
114
315
524
118
425
716
100
21
639
913
695
449
771
235
223
313
398
430
7
67
7
176
184
214
454
22
665
235
711
402
824
22
529
638
106
25
813
168
26
174
408
253
24
400
162
131
91
14
663
159
244
702
282
3
265
7
351
3
43
141
267
390
20
34
175
364
64
14
193
367
15
756
11
109
9
917
338
117
641
130
135
25
557
641
103
479
4
47
7
49
729
86
292
514
292
899
330
18
862
356
920
701
13
378
85
949
533
148
743
257
266
512
582
753
284
830
944
178
923
251
339
592
62
983
724
24
591
321
87
58
2
24
164
126
467
872
35
733
19
941
5
415
157
871
537
4
726
41
176
1
13
44
249
292
354
88
123
601
22
21
5
16
28
979
333
31
491
31
949
767
766
13
546
194
9
56
8
67
721
519
141
997
35
79
563
129
210
17
6
869
76
377
2
29
2
55
413
257
124
94
85
236
709
79
215
764
23
2
773
183
845
534
22
12
54
399
53
632
82
315
480
288
87
430
633
209
727
255
911
261
313
30
15
4
55
7
115
16
59
603
979
73
697
2
74
67
753
488
527
409
542
54
24
36
283
38
693
24
771
400
836
316
673
8
139
297
178
57
790
56
655
12
983
10
174
332
552
446
18
11
283
53
161
295
784
906
181
27
30
477
50
447
651
145
772
52
451
997
161
838
220
726
108
292
248
175
5
450
575
147
229
1
43
153
3
2
515
140
325
62
146
232
57
42
15
116
736
85
3
4
19
30
43
58
306
3
205
130
22
652
42
81
490
354
814
151
12
45
322
220
6
13
16
281
184
89
599
788
220
15
873
244
1
96
211
412
56
217
1
928
467
150
38
897
732
28
967
102
306
697
984
611
248
64
9
92
17
790
816
185
310
527
169
219
802
147
567
93
55
201
817
206
442
657
83
728
152
69
503
2
60
291
236
5
13
14
27
211
3
697
418
164
63
295
665
29
81
91
426
2
486
289
181
298
45
472
156
1
336
448
530
12
1
250
5
111
172
233
876
85
5
2
318
24
341
53
32
265
733
32
203
65
388
882
808
793
373
165
548
176
818
43
777
2
135
861
504
8
329
109
180
755
1
52
910
644
144
17
678
198
1
451
123
423
2
175
49
571
795
44
53
23
10
21
854
872
2
966
37
576
554
16
229
733
121
2
340
164
871
115
366
137
216
963
607
379
13
131
489
152
37
881
180
659
980
95
691
416
42
13
351
242
37
3
19
832
742
20
95
318
553
621
802
55
44
221
22
243
593
658
350
43
187
26
290
263
20
19
596
534
64
439
511
14
391
38
45
20
188
290
678
633
139
58
224
30
1
374
909
780
591
7
559
239
357
3
150
19
112
363
186
7
131
805
61
185
105
1
17
277
135
157
4
63
544
636
237
310
52
630
24
551
80
798
852
67
23
201
112
197
169
668
2
581
603
302
771
514
810
98
909
127
890
178
23
37
78
372
29
849
352
928
126
152
266
896
749
97
247
24
287
912
28
99
98
687
9
76
146
2
65
307
348
93
982
58
179
208
85
848
56
375
40
16
85
1
23
71
382
217
184
766
378
71
157
262
13
97
90
67
291
723
5
171
248
185
103
777
648
881
9
78
176
34
153
5
773
188
986
59
571
264
9
868
706
382
891
441
657
487
107
279
63
401
13
91
264
965
160
157
558
517
64
28
135
700
238
678
42
379
251
5
518
676
993
2
7
551
21
631
13
137
28
962
460
250
278
121
227
999
75
109
967
2
494
273
27
620
917
908
35
1
5
96
308
436
752
88
50
5
423
11
1
16
6
838
879
94
12
161
94
254
10
537
783
154
487
389
769
154
406
290
63
336
18
115
125
235
247
25
366
1
158
903
20
43
42
93
130
525
437
41
482
316
128
1
139
69
570
9
73
57
15
329
468
6
2
31
6
2
3
551
143
41
741
16
713
455
360
654
423
106
398
969
821
467
573
572
293
23
449
712
500
41
65
517
899
76
161
103
545
460
16
9
270
186
401
29
110
875
386
286
42
355
188
135
243
210
938
222
36
37
405
133
52
260
530
11
448
1
117
4
5
3
944
535
5
15
89
487
6
388
86
993
351
3
210
992
561
56
2
45
406
10
51
288
588
754
4
397
101
156
939
38
25
526
949
600
166
713
12
24
1
866
312
163
313
886
612
10
71
772
821
182
94
273
49
1
23
2
88
296
719
323
76
36
952
393
750
41
3
129
444
315
838
639
19
513
16
77
21
663
380
490
256
18
10
10
407
36
104
570
447
197
709
471
1
405
141
129
790
2
718
2
181
774
7
277
639
803
387
388
144
710
27
648
573
53
86
105
602
17
327
7
218
2
455
663
811
16
694
78
443
452
72
479
505
105
228
508
416
329
431
482
512
693
262
29
20
119
60
92
272
709
56
7
195
560
3
309
845
3
465
33
91
424
137
75
2
197
630
474
575
926
333
141
509
147
29
34
9
12
41
677
149
121
56
13
14
504
16
379
538
388
861
593
147
265
81
983
609
23
125
250
191
541
889
688
94
255
829
301
929
307
2
39
496
28
221
435
1
134
73
93
6
701
3
2
53
867
165
114
63
7
88
359
6
4
359
34
34
490
596
564
37
1
241
50
538
639
686
41
423
104
224
789
33
4
306
966
268
362
63
754
851
397
113
8
103
7
732
56
22
739
612
612
582
884
871
411
557
273
234
30
5
48
12
1
892
113
132
186
409
12
620
937
907
23
603
9
259
985
48
104
254
694
1
46
691
298
226
549
63
67
17
16
26
451
6
695
53
413
22
53
314
23
200
142
145
174
3
441
284
428
483
3
287
157
270
21
503
348
178
538
1
803
69
2
359
75
32
3
80
15
4
63
17
359
70
131
1
866
163
108
237
362
83
10
43
884
27
402
162
11
97
647
139
31
596
680
4
149
545
426
76
25
145
185
2
10
25
145
992
57
614
11
4
167
1
2
690
1
238
25
247
12
113
33
561
193
612
705
298
125
799
100
96
587
116
282
3
640
216
366
463
591
994
224
168
279
897
4
79
4
537
377
578
968
295
378
83
407
617
10
289
356
1
411
614
468
336
34
232
244
83
1
146
395
66
77
166
339
352
112
408
461
57
368
981
51
164
855
112
37
33
350
849
171
5
2
220
417
418
10
455
1
969
331
401
84
952
663
26
142
288
482
755
27
118
78
936
57
706
481
440
40
365
314
60
144
16
72
212
195
550
29
1
904
2
6
20
78
11
1
81
10
24
8
152
67
16
246
40
453
1
152
14
1
1
522
20
161
356
449
365
205
585
353
758
118
693
489
2
162
7
325
36
263
218
168
411
473
1
293
177
161
11
20
129
752
295
664
176
23
37
705
143
71
55
818
672
126
758
815
219
40
511
13
30
94
26
101
884
997
17
1
474
21
1
733
813
656
385
235
495
89
850
353
12
10
472
83
987
33
310
33
54
1
27
9
64
7
595
1
88
949
602
71
708
163
15
1
135
101
118
736
125
705
9
20
50
391
183
905
189
54
628
100
150
694
403
206
181
2
282
52
586
953
45
546
156
2
4
313
11
99
4
217
19
35
145
573
18
777
173
620
5
749
3
545
873
259
825
60
809
5
133
140
103
379
75
407
498
940
542
63
379
25
895
526
124
54
321
717
836
648
118
128
30
88
859
449
905
114
1
133
1
99
61
158
27
10
913
258
3
82
241
33
11
464
293
289
46
424
526
192
2
1
95
12
857
173
389
293
9
32
502
17
194
327
939
556
718
44
388
22
298
410
28
132
373
133
335
23
352
3
125
855
145
604
1
407
7
19
87
19
91
74
386
27
5
798
173
13
12
1
368
632
676
934
829
69
272
900
1
554
42
786
890
116
260
301
20
34
14
59
80
77
486
133
317
116
106
186
170
349
74
212
332
266
495
237
896
781
687
562
658
2
6
358
979
251
832
217
29
30
363
172
321
9
20
255
366
28
46
391
241
1
628
281
239
427
437
799
34
516
47
172
170
12
489
317
232
66
596
625
179
14
149
2
679
31
159
3
482
103
79
754
247
162
22
570
106
686
25
4
768
224
704
330
40
10
4
106
27
817
56
494
882
31
10
852
353
376
5
231
8
528
138
549
222
13
16
52
454
99
310
973
29
237
936
405
26
83
988
176
72
303
831
44
54
753
412
838
914
204
932
130
895
991
783
83
13
210
94
723
582
596
1
53
49
838
3
596
770
176
271
47
42
122
802
679
751
116
38
487
42
520
577
943
451
914
520
362
981
6
29
925
313
197
141
72
30
622
137
40
605
101
902
1
68
18
4
239
63
982
827
253
477
236
580
16
234
12
612
237
6
15
592
1
703
59
22
348
8
196
645
3
253
27
122
21
165
33
26
39
566
21
155
355
105
345
17
748
27
74
917
25
239
714
135
86
57
941
48
358
169
122
80
297
737
371
574
790
408
86
31
561
992
668
586
30
383
28
790
58
324
2
637
404
173
407
742
116
521
322
811
245
156
939
66
9
103
714
1
408
298
964
112
104
472
246
43
197
102
100
7
42
22
397
79
273
1
125
51
438
71
898
5
11
646
1
975
262
743
8
948
427
497
24
3
716
175
477
212
3
803
26
20
64
730
10
373
156
2
4
160
7
3
257
2
21
345
490
66
2
12
240
162
16
759
194
27
639
89
212
331
56
338
414
146
9
135
607
166
55
34
30
141
26
199
336
895
10
82
4
390
3
21
47
789
981
75
184
10
408
355
216
217
48
430
591
10
16
35
759
677
240
700
922
690
184
16
767
306
824
78
793
450
12
2
86
480
718
70
168
210
39
164
400
82
323
6
186
29
637
3
38
54
699
1
780
220
211
397
328
133
66
927
1
192
782
682
331
6
11
810
263
615
618
80
62
87
700
7
106
65
2
2
65
980
125
931
20
267
210
710
14
595
48
567
464
6
532
202
184
34
12
3
524
195
904
172
184
102
413
7
596
318
2
13
421
51
360
8
258
172
24
3
502
259
718
425
954
173
136
6
452
691
499
211
64
17
579
849
425
152
19
426
509
230
228
384
883
24
5
103
204
523
69
217
8
375
411
5
595
628
838
63
183
416
113
41
877
521
807
555
16
57
91
728
719
1
31
73
403
107
659
607
110
1000
60
143
107
6
313
182
1
198
2
932
1
335
901
695
953
766
378
46
1
394
564
286
548
541
815
18
200
1
112
834
920
6
171
351
806
64
9
695
399
455
680
501
75
108
71
763
91
449
11
10
578
19
93
107
892
65
227
445
20
586
8
176
296
2
42
2
772
431
123
339
237
13
963
36
376
40
170
408
12
560
296
2
123
184
82
166
902
452
60
18
560
103
63
553
198
344
588
1
11
609
32
44
50
9
53
174
754
515
330
56
333
31
96
115
33
353
907
5
142
269
149
901
29
8
196
127
1
537
12
228
87
226
125
282
232
159
241
857
167
39
6
940
624
15
301
1
971
896
426
267
311
984
217
1
31
148
613
41
167
881
27
101
3
172
78
592
7
380
215
82
570
26
274
119
106
595
387
416
433
20
324
53
711
465
864
245
330
116
914
107
78
199
445
889
19
6
454
909
103
440
72
33
789
219
585
580
465
533
605
321
8
101
298
175
837
240
341
455
1
345
407
754
525
94
392
4
46
302
766
386
706
172
9
108
208
179
632
34
192
9
10
159
927
1
338
352
10
48
469
55
596
2
100
779
5
171
234
51
427
449
23
169
11
439
10
24
569
969
270
288
272
18
6
9
23
149
1
665
446
446
938
244
26
777
885
48
652
33
52
356
833
715
385
971
34
970
25
876
23
7
448
38
735
260
433
549
151
730
3
5
19
354
11
281
110
737
67
671
224
256
327
153
52
803
498
68
30
964
123
97
823
3
48
21
922
28
474
927
31
144
817
1
17
664
1
738
297
59
448
41
44
459
658
103
125
264
353
106
42
20
925
193
2
228
109
629
8
534
390
47
853
801
581
1
651
171
921
688
63
24
825
36
540
608
899
918
456
354
103
14
169
370
369
368
117
35
311
402
49
265
161
1
743
157
27
624
455
150
1
428
894
521
318
943
160
999
15
1
698
5
424
337
47
55
44
6
244
154
250
9
696
299
2
212
775
23
698
762
10
4
182
18
47
3
82
407
13
172
19
779
9
75
3
213
14
110
172
267
47
14
541
603
744
143
282
95
557
156
258
375
188
3
185
9
655
9
188
4
288
77
314
828
328
588
417
228
93
922
688
2
18
1
287
111
141
738
182
759
830
388
62
31
118
221
196
956
90
21
26
501
922
80
745
1
11
953
332
163
675
68
10
700
894
30
262
632
214
176
121
516
81
5
98
49
230
890
593
219
107
134
3
15
778
668
320
323
549
41
7
1
783
34
298
75
20
19
344
1
92
496
265
527
4
113
1
358
255
491
82
32
814
499
12
11
608
488
499
5
84
608
4
1
205
564
195
423
645
118
7
866
582
25
896
636
526
47
348
20
6
303
124
809
7
690
29
27
263
33
60
15
36
40
56
70
119
36
332
11
5
401
77
495
610
691
397
374
5
261
660
56
668
923
740
68
203
161
312
11
227
649
825
11
44
301
168
999
706
88
421
779
7
137
9
3
501
138
785
984
406
329
41
103
178
30
222
27
67
733
735
90
613
923
306
36
447
72
607
379
179
84
42
423
324
225
9
121
79
279
591
614
126
286
172
88
176
928
89
50
110
708
20
749
252
9
656
680
269
149
350
326
14
401
110
455
479
443
258
368
788
2
208
186
22
538
751
31
484
469
41
21
1
113
510
354
2
548
231
3
410
815
297
904
786
863
368
202
44
80
567
10
39
259
311
52
98
68
98
1
75
739
610
42
606
13
66
2
7
284
780
267
11
14
343
693
22
992
768
373
1
4
922
555
821
743
78
24
126
968
256
15
897
51
145
519
605
783
200
822
324
683
184
755
273
28
6
207
366
493
24
79
9
26
901
429
806
89
16
83
812
196
18
237
205
575
810
70
2
158
692
151
32
21
668
373
877
197
25
133
937
689
451
461
203
111
134
963
61
463
26
573
648
1
785
15
739
674
131
334
674
61
4
1
658
30
284
204
114
15
39
122
231
129
866
96
191
106
216
159
354
41
42
109
833
222
64
469
87
283
3
243
462
6
949
990
137
88
47
3
7
995
53
10
8
398
22
598
928
21
366
19
375
33
29
140
419
718
96
12
64
915
17
35
736
71
484
77
436
131
933
115
26
71
135
783
91
491
136
77
536
429
188
333
73
83
2
343
1
2
884
1
98
14
455
111
260
834
857
26
32
33
694
1
295
894
483
681
57
706
964
419
511
129
339
38
7
97
363
433
85
121
4
209
167
153
6
254
944
9
2
6
9
48
56
276
60
143
873
951
212
40
464
512
185
62
57
953
3
5
25
390
408
1
326
132
364
46
48
388
539
163
59
745
4
8
28
989
2
525
116
531
9
50
57
813
248
635
12
367
188
359
644
366
295
74
79
834
369
440
19
1
640
298
178
63
433
4
8
178
298
880
13
8
270
32
184
839
31
498
792
136
878
85
81
402
9
2
116
339
979
972
37
57
242
155
95
493
125
179
25
2
916
363
762
852
608
56
290
9
138
950
708
454
279
548
263
855
721
674
172
63
294
403
861
89
867
299
573
679
188
622
531
4
776
466
813
144
358
6
401
10
196
758
271
9
618
70
142
5
426
916
608
766
640
286
818
138
887
285
70
31
11
724
152
4
1
109
335
32
327
34
36
34
54
201
65
334
858
775
1
10
109
102
651
782
275
205
67
309
760
217
547
924
7
55
902
434
375
18
33
24
781
316
161
989
169
687
682
114
980
352
886
37
473
61
272
388
19
156
144
60
132
394
952
400
281
518
459
113
61
196
5
12
396
132
303
790
655
317
40
335
780
2
292
1
68
158
210
419
487
47
786
886
211
91
662
86
532
580
317
4
179
717
600
722
618
15
358
679
455
114
1
453
263
730
62
441
902
12
519
711
219
666
16
77
305
54
149
186
897
52
304
2
299
1
528
152
542
301
631
592
876
157
449
74
112
714
57
104
472
510
428
1
262
553
152
3
75
548
361
843
194
608
39
628
716
889
168
63
277
416
630
177
491
1
935
758
45
2
63
58
134
28
547
637
986
215
143
685
20
593
309
86
386
142
4
27
22
89
70
640
15
907
928
17
407
185
9
152
9
103
172
28
1
57
212
483
236
10
552
201
623
2
231
5
961
718
795
40
722
574
23
992
149
2
954
813
133
1
588
18
222
2
234
5
879
3
37
592
6
455
301
19
960
812
308
96
500
1
228
289
99
101
937
475
760
9
405
323
936
431
955
178
199
35
406
901
5
260
707
379
992
4
669
200
280
46
54
21
372
498
524
10
347
315
308
51
14
415
128
983
741
13
3
774
562
87
608
73
491
143
996
385
32
129
95
124
29
151
305
755
12
4
922
4
309
274
194
5
894
302
293
517
20
630
89
22
68
3
164
50
8
510
945
2
380
581
236
517
1
428
193
168
274
222
113
517
5
81
160
48
47
294
320
261
27
52
321
107
53
160
131
586
221
4
471
564
915
136
36
208
1
559
757
411
775
12
264
747
439
920
673
174
841
311
275
424
254
96
51
474
919
340
25
52
321
677
472
85
84
275
100
648
618
20
105
148
161
756
195
50
14
175
231
29
237
166
945
254
375
227
332
463
175
607
294
46
213
558
784
429
274
38
945
330
274
398
505
19
1
195
2
24
675
194
12
285
576
777
246
596
244
128
823
80
226
154
307
234
16
16
65
1
189
1
997
17
303
114
8
631
20
1
366
6
476
257
142
186
10
589
822
568
335
2
58
2
565
706
42
794
71
940
618
2
290
260
794
36
20
813
21
450
984
4
933
16
212
663
147
530
324
430
880
9
38
2
290
46
895
187
998
124
969
659
34
150
793
552
237
600
30
216
850
19
131
301
604
185
130
638
135
56
91
149
247
256
362
181
159
3
289
871
30
163
309
66
732
32
9
1
68
297
3
670
55
38
413
480
459
758
613
100
34
374
722
80
930
463
116
904
476
172
11
565
110
3
162
49
41
73
65
42
162
256
177
60
988
71
313
36
22
94
36
955
705
480
464
88
650
460
228
757
309
249
427
796
13
865
333
185
110
845
559
129
18
25
331
875
6
726
24
448
398
163
126
548
114
923
586
1
33
248
970
428
9
196
89
447
72
644
728
81
7
94
980
133
12
322
507
630
163
41
763
67
864
122
2
1
7
892
877
34
65
1
4
1
591
88
26
8
164
754
568
15
13
91
291
577
780
582
448
43
897
144
24
258
22
897
61
138
15
129
825
52
4
65
12
56
95
171
926
20
42
728
3
383
529
779
92
298
61
54
35
53
172
44
2
344
808
72
287
881
324
4
622
295
151
247
18
946
137
451
160
18
455
318
304
929
533
27
65
8
848
703
887
106
347
283
394
38
272
208
5
317
575
925
923
170
796
62
13
86
289
161
203
789
6
60
172
309
6
167
3
660
657
23
9
21
352
80
461
512
322
89
328
30
384
642
376
481
900
3
14
125
489
540
616
900
108
77
28
18
293
216
54
138
316
250
2
154
20
890
72
34
35
65
799
491
853
121
189
231
517
8
4
93
310
38
245
135
12
93
8
4
125
3
11
24
23
7
868
138
2
885
39
255
36
974
657
890
107
72
355
911
27
67
361
208
501
38
549
100
6
374
567
747
855
53
22
127
4
38
279
457
337
30
371
160
1
275
856
110
3
86
561
37
214
12
476
108
240
103
637
24
3
380
5
942
300
22
1
264
792
788
700
169
872
190
44
31
1
540
612
18
839
708
394
630
663
281
623
211
488
889
636
203
662
13
67
666
339
3
669
867
13
167
851
9
244
3
138
668
14
240
134
100
140
494
55
181
183
615
2
199
312
5
716
262
804
40
347
346
17
1
770
366
5
125
4
164
244
264
357
377
431
4
972
109
709
680
580
669
18
55
552
834
33
1
25
10
576
5
444
157
55
151
241
269
224
23
299
613
359
867
856
168
46
96
594
79
516
549
3
9
264
90
833
2
19
589
35
6
816
159
156
6
229
116
17
140
514
695
782
209
63
650
831
106
879
323
73
663
110
89
663
93
14
20
292
6
165
449
7
18
241
672
68
508
753
163
777
784
161
753
921
414
986
55
669
14
9
439
6
170
2
166
808
66
75
497
2
161
759
2
974
209
77
191
308
813
259
42
128
386
28
775
16
83
88
613
2
64
169
318
350
478
674
69
390
8
115
2
54
334
5
417
137
59
463
61
152
44
529
202
215
396
261
192
317
683
18
57
962
720
69
663
212
909
221
309
218
22
9
20
580
53
514
2
403
5
31
544
627
11
37
5
226
25
731
873
254
584
255
91
584
381
1
444
11
1
692
968
791
73
491
63
610
38
398
589
824
545
288
68
927
7
586
182
274
395
818
212
167
6
35
5
29
50
256
288
290
842
752
604
5
29
763
816
36
211
503
625
157
117
106
106
683
861
175
19
178
47
800
560
484
2
59
450
600
837
22
48
448
125
809
49
29
500
1
168
915
562
52
145
104
358
582
67
626
78
89
900
778
129
935
808
85
3
16
9
295
45
824
6
614
80
1
24
739
741
78
132
358
1
181
63
114
2
102
1
13
4
463
575
737
265
155
1
159
142
274
117
795
28
924
339
843
19
534
71
153
30
15
360
595
115
158
5
16
606
881
620
161
271
941
94
258
443
371
50
298
7
199
2
5
407
630
379
109
37
449
114
685
67
186
96
101
3
104
10
298
407
44
369
103
732
590
584
76
344
215
775
98
81
598
673
12
36
305
38
979
110
965
14
5
2
447
421
324
981
99
8
356
4
639
22
161
685
422
210
49
24
878
12
338
136
16
858
495
91
31
146
334
911
17
518
62
347
21
694
102
66
432
7
258
620
443
48
189
878
367
31
2
479
337
316
41
240
988
75
110
47
910
180
526
256
85
132
106
582
273
3
16
5
383
959
37
469
638
6
748
683
7
221
398
844
382
88
8
773
403
329
77
338
19
104
701
537
952
662
581
768
689
24
148
9
39
180
795
2
368
754
650
623
453
15
483
5
803
85
1
879
45
2
296
2
13
549
95
520
25
456
25
961
890
821
545
3
375
559
1
5
83
861
226
18
988
399
13
912
68
388
64
178
52
77
220
27
116
610
2
5
617
29
30
254
81
167
704
4
418
149
344
501
416
549
764
211
248
19
614
14
218
169
308
26
163
280
104
4
322
42
160
74
176
64
123
746
535
518
53
14
935
12
71
210
181
51
659
11
20
153
625
547
2
474
3
2
590
637
16
950
627
139
4
26
123
516
467
6
162
178
385
940
143
88
574
602
1
74
215
996
836
82
13
43
248
49
153
66
70
23
698
163
681
545
474
509
305
286
65
707
862
20
4
97
1
413
26
113
45
313
2
91
38
763
45
810
6
871
138
89
52
121
886
3
198
674
28
46
153
1
53
453
793
919
756
336
40
257
108
10
575
663
200
454
601
348
98
22
276
845
80
1
997
4
43
746
514
393
537
566
36
19
265
148
311
49
999
135
617
3
1
373
281
636
931
647
919
866
358
87
979
10
829
146
296
443
931
73
3
567
823
298
90
498
481
456
748
2
156
770
169
125
4
208
197
656
880
689
806
60
403
296
429
2
93
27
37
41
73
269
121
14
958
546
25
93
44
11
288
3
6
77
61
529
134
702
25
710
352
3
690
539
238
354
147
117
581
34
13
163
498
412
81
42
505
465
49
213
76
286
859
92
845
891
267
84
178
145
68
197
252
661
593
30
5
34
153
496
112
817
430
2
707
23
913
4
350
120
14
666
117
356
227
468
847
832
6
78
724
276
1
502
8
503
94
4
886
3
304
73
67
212
37
625
101
882
10
189
33
103
948
23
51
336
18
2
453
138
156
724
15
742
46
641
13
396
166
813
162
62
344
684
140
243
480
252
58
610
1
4
212
635
38
360
499
407
690
902
854
11
11
84
97
703
329
351
285
623
148
148
629
72
243
250
219
383
672
108
37
393
1
163
59
81
151
34
43
666
609
10
3
338
15
238
870
612
283
6
3
2
876
174
448
547
193
89
132
235
5
128
509
222
458
97
354
55
2
458
786
39
22
120
370
23
278
669
710
29
824
1
354
883
106
103
722
434
281
736
362
232
40
251
174
107
426
75
10
340
11
184
46
7
829
32
681
39
83
44
545
464
440
646
481
109
11
12
238
102
288
16
265
930
563
24
7
774
68
452
517
21
473
992
297
1
221
830
10
411
809
60
254
206
702
175
266
676
173
499
10
72
209
222
826
780
381
378
185
977
812
801
741
93
1
562
36
966
447
123
705
150
193
54
535
113
22
205
275
302
824
285
368
6
164
13
35
3
164
961
158
610
840
782
38
463
8
336
274
248
774
203
14
464
205
266
963
295
724
31
24
89
38
938
3
9
30
433
328
1
135
792
25
398
650
945
25
14
13
65
532
8
324
724
943
491
542
403
772
32
51
520
127
193
206
539
141
736
498
1
13
41
289
1
38
5
189
34
4
616
26
761
476
408
531
309
65
247
265
30
21
6
739
3
64
281
57
696
62
993
167
82
586
39
91
513
754
258
323
162
163
389
116
118
932
425
700
866
2
35
745
6
265
31
646
1
697
379
102
300
29
297
235
813
41
418
255
785
281
687
672
184
6
38
84
13
111
1
