1
51
1
1
1
2
2
12
1
119
2
22
2
1
1
6
1
81
1
1
1
1
1
2
3
3
1
5
1
1
1
1
4
2
2
2
7
4
3
1
2
1
1
3
7
5
11
5
2
2
2
223
1
1
1
3
1
4
1
1
1
7
1
2
1
1
4
9
26
3
11
2
2
3
2
7
1
1
1
2
105
1
14
48
1
1
3
72
2
1
1
1
2
132
3
1
2
1
290
28
1
54
1
2
43
52
1
1
3
20
3
4
6
1
12
1
7
13
23
2
1
1
11
7
11
4
1
7
2
6
10
1
52
48
15
4
34
55
1
5
1
2
356
1
2
1
3
5
19
1
2
2
3
4
85
27
35
1
236
2
1
3
60
1
1
1
3
5
1
6
2
3
1
13
1
8
35
16
33
407
1
47
4
1
2
1
2
1
1
52
3
3
1
9
1
1
477
13
1
1
1
4
1
13
34
15
177
1
2
19
1
4
1
477
1
177
5
1
1
1
52
2
60
44
1
1
1
2
1
4
7
7
79
2
14
2
2
27
2
44
6
11
17
3
11
1
47
1
290
2
1
3
1
2
1
3
1
4
42
1
4
3
2
1
2
2
20
1
2
4
1
376
2
1
1
28
2
1
4
12
4
2
1
1
2
1
1
1
2
1
13
8
24
7
97
4
2
1
1
5
6
8
11
1
1
1
1
90
6
1
35
52
1
3
13
5
6
3
52
3
20
9
5
1
3
96
330
6
3
1
59
35
1
224
1
78
9
1
2
1
6
5
3
33
1
2
1
3
1
3
1
1
1
1
1
6
2
1
17
11
1
2
1
1
3
1
1
2
2
4
2
245
92
7
6
44
16
3
23
1
2
4
2
1
3
1
8
1
3
1
3
2
1
1
1
1
21
1
68
273
2
47
1
3
1
411
1
1
1
1
446
4
7
1
28
1
23
1
2
1
14
23
1
2
1
3
2
1
3
285
3
1
1
6
4
133
1
12
5
1
3
1
4
9
13
1
1
3
3
8
1
2
2
2
376
7
1
8
2
2
1
138
2
108
2
1
4
1
6
1
3
2
3
2
2
2
1
1
62
1
201
2
223
2
1
16
1
1
6
1
2
2
1
14
1
1
5
3
1
1
3
1
1
6
1
1
6
1
496
2
1
6
1
316
4
17
1
38
7
3
2
9
4
1
1
1
1
1
2
10
19
1
3
16
3
2
1
1
65
2
7
8
5
4
1
6
1
1
2
1
2
9
1
1
1
3
7
3
1
1
1
14
1
8
3
7
34
3
12
7
6
94
1
5
9
5
1
1
4
3
9
2
1
1
3
1
274
1
1
2
1
4
4
1
12
5
18
1
2
3
9
33
2
60
5
1
2
5
1
5
308
1
1
4
1
5
1
1
10
3
1
1
74
1
1
1
1
2
4
12
176
1
4
6
3
1
2
8
3
19
5
11
3
1
17
410
1
3
3
17
6
103
1
1
1
1
6
1
1
8
1
2
290
4
3
1
2
6
1
1
87
1
9
1
6
1
1
29
5
14
2
3
2
342
2
7
1
38
1
5
13
1
4
1
1
12
1
8
1
6
21
1
6
1
6
4
20
5
4
3
4
37
52
1
2
1
1
42
1
3
2
1
1
2
5
17
2
1
2
4
28
3
2
1
9
1
5
217
26
298
1
1
1
479
15
1
13
40
1
5
1
3
12
4
1
6
1
1
12
19
1
3
1
1
2
5
2
1
1
40
1
1
54
4
1
2
6
5
1
8
2
181
1
10
6
1
6
1
1
8
1
1
36
7
2
3
1
2
1
1
5
1
3
42
1
2
3
2
2
1
15
5
2
7
1
1
10
1
214
3
4
20
1
1
17
1
1
1
6
1
1
2
1
4
1
1
1
2
5
2
7
7
32
12
2
2
1
1
4
26
3
2
33
6
1
50
61
6
1
1
1
469
1
2
1
3
25
1
10
1
1
1
198
2
1
7
3
1
22
308
1
10
2
1
1
102
1
1
1
7
28
1
44
87
11
1
7
8
2
1
4
1
1
6
455
36
1
1
1
3
1
1
6
9
1
2
2
1
8
1
2
1
1
11
32
104
2
1
10
1
102
1
77
1
2
33
3
23
355
26
89
9
1
93
1
1
6
3
8
115
27
33
3
4
1
1
96
1
1
2
2
1
1
1
1
1
25
1
1
20
3
1
3
1
2
1
151
1
19
3
4
3
2
1
9
1
1
1
30
7
1
1
6
1
1
2
1
1
2
1
4
5
102
4
1
301
1
2
1
15
1
11
265
7
1
1
3
2
1
1
25
2
3
2
8
1
1
2
10
4
4
1
12
3
1
2
109
1
75
5
8
1
24
2
5
4
21
1
2
1
55
25
1
115
1
48
5
2
1
1
1
3
4
9
8
1
6
1
2
56
267
32
1
16
1
1
3
9
2
16
3
1
4
4
2
35
1
3
1
1
1
1
2
3
1
1
35
4
1
3
3
7
1
392
1
1
192
1
1
14
16
1
112
4
1
1
2
1
3
9
1
345
1
3
183
1
5
3
1
3
1
2
1
28
4
1
3
3
1
1
3
1
11
5
1
2
1
61
1
8
12
1
393
1
4
5
7
1
59
4
2
52
5
11
1
1
5
1
4
3
1
7
4
1
1
1
3
13
198
1
1
56
1
23
1
15
29
3
2
1
1
44
2
1
10
4
17
80
1
1
1
54
5
2
1
1
1
18
23
2
1
5
184
1
1
2
18
2
1
31
1
415
3
1
1
31
56
4
2
1
1
1
1
1
10
5
1
2
1
2
1
13
1
5
1
2
9
6
7
3
16
1
1
328
1
2
1
83
1
16
7
1
6
54
1
4
2
1
3
12
85
480
1
79
1
1
4
379
4
1
38
1
1
1
1
3
85
1
1
3
7
21
1
23
1
2
1
1
1
6
1
11
2
1
2
11
194
5
342
212
5
7
3
8
69
138
1
8
4
2
2
1
1
7
1
3
3
1
11
2
1
1
198
1
4
16
2
1
1
1
1
2
1
2
5
3
50
7
2
1
45
1
1
201
371
23
23
12
2
2
272
10
1
1
78
1
1
1
3
1
1
427
8
1
9
1
1
2
10
37
17
1
198
2
1
1
1
1
5
4
1
7
4
29
3
16
10
3
412
13
2
20
83
2
1
37
3
1
2
22
57
2
11
1
1
1
1
3
471
1
30
2
1
16
2
1
1
2
28
1
20
1
1
3
4
1
2
1
8
4
1
6
41
15
10
2
337
4
1
1
1
2
8
2
2
1
1
1
1
3
16
3
3
1
1
1
1
1
2
163
1
3
32
2
43
7
9
2
1
1
4
5
1
8
9
3
1
6
1
1
9
3
1
2
6
4
13
1
1
1
3
6
2
1
6
1
5
1
3
2
3
5
1
6
1
1
1
55
2
27
9
2
16
138
1
2
2
1
1
1
19
419
494
1
3
31
1
1
75
1
1
3
8
1
2
1
5
2
4
1
7
1
2
1
10
26
5
1
54
4
1
1
3
1
228
5
1
1
13
1
4
2
3
1
27
10
1
1
2
81
1
1
1
6
1
1
1
43
1
3
2
1
1
4
12
1
1
1
6
1
86
293
1
14
1
2
19
3
1
1
9
2
4
9
12
4
4
4
2
7
11
2
4
4
8
2
1
1
1
1
1
13
3
1
289
9
4
2
14
1
3
2
1
2
1
1
1
6
1
3
1
3
44
1
10
1
1
2
5
3
21
2
17
5
22
1
58
1
3
2
1
8
1
3
1
1
4
3
10
3
1
1
15
3
21
1
1
2
3
1
1
30
18
2
1
11
5
1
1
2
2
15
1
11
12
8
4
1
17
6
16
1
1
2
1
20
6
2
1
2
1
1
1
5
1
2
34
3
1
4
1
23
7
1
4
3
3
371
17
10
1
13
1
1
11
48
97
50
1
1
9
8
3
3
1
152
2
6
2
34
2
2
1
2
1
29
14
438
1
22
2
8
1
44
3
5
10
10
20
1
1
3
4
1
1
23
32
6
1
56
1
1
4
1
1
1
6
1
1
95
3
1
2
2
1
3
1
1
27
1
1
3
1
1
3
1
1
1
5
4
1
6
1
2
2
81
100
2
1
2
2
1
1
3
17
8
98
5
1
1
2
278
10
9
1
1
78
247
129
393
3
1
2
1
2
1
36
2
1
4
2
1
10
3
2
1
1
2
15
127
1
5
266
57
19
3
17
1
4
1
1
40
1
1
1
2
2
3
24
8
1
9
1
1
11
5
1
3
1
4
1
1
6
491
1
61
111
1
6
1
3
10
157
2
2
3
62
3
56
1
1
20
1
2
1
2
1
3
2
19
3
2
1
2
1
4
1
1
74
1
11
1
13
2
147
71
16
1
213
32
2
1
1
1
1
196
1
1
5
11
1
33
2
5
10
1
2
55
242
4
44
1
1
3
1
97
1
3
307
1
8
126
3
4
1
8
4
2
1
8
2
9
164
3
1
6
1
2
2
1
111
1
1
3
2
3
12
8
8
1
2
1
1
81
2
3
1
26
2
4
25
83
2
1
9
411
42
10
13
5
15
2
101
1
2
14
18
6
2
389
1
1
1
1
2
452
6
19
4
3
55
1
2
6
1
11
28
2
5
2
6
2
1
1
15
3
1
1
2
1
1
12
5
1
5
57
1
1
45
1
5
1
5
1
8
1
1
5
1
2
1
1
1
1
1
134
1
2
1
2
1
19
2
13
7
401
4
1
1
1
1
1
4
14
14
1
1
20
14
33
1
2
1
3
1
2
2
1
1
13
1
5
31
1
2
2
1
1
6
1
1
4
54
1
19
1
272
129
2
1
2
14
316
7
1
7
77
1
127
1
1
2
16
3
119
19
56
2
155
153
1
4
1
1
9
4
1
7
1
3
5
1
2
2
29
1
1
2
1
62
1
1
2
1
239
1
2
1
6
1
130
4
1
11
1
1
11
3
1
1
107
16
137
2
149
1
8
2
1
1
23
175
1
173
1
2
11
1
2
1
1
2
8
2
1
1
5
1
2
1
5
1
1
15
7
3
8
12
1
1
3
2
2
2
1
1
4
5
1
2
14
1
1
1
5
32
2
2
1
98
1
7
400
4
2
6
1
3
3
15
2
50
1
2
1
34
1
3
2
1
1
1
2
2
2
38
1
1
4
2
3
1
3
2
1
1
4
25
1
1
1
2
7
11
2
3
1
4
3
7
2
1
1
3
5
77
23
4
3
4
1
2
2
1
1
1
6
1
1
3
2
1
5
5
1
304
1
12
1
3
1
6
1
2
2
3
87
1
1
1
1
480
4
2
240
1
2
1
264
16
87
2
1
76
1
1
1
37
4
3
38
1
1
1
3
53
2
5
1
11
1
1
102
1
11
1
22
18
4
4
2
1
2
1
1
2
11
47
1
1
1
7
4
34
1
133
6
1
107
1
1
1
46
2
5
1
3
108
1
1
2
3
1
4
2
11
1
8
2
42
17
431
3
3
2
2
3
2
1
11
3
15
1
3
4
3
1
1
3
1
2
3
1
10
108
1
2
9
1
2
17
27
1
1
12
4
142
4
280
6
1
2
3
2
2
471
6
15
1
3
16
1
1
2
3
3
48
1
21
21
1
2
3
2
1
22
1
5
2
2
3
1
4
1
1
4
5
13
47
2
3
4
96
1
1
4
1
3
9
1
1
2
400
2
2
442
3
3
14
13
1
1
2
1
1
1
10
3
9
5
1
2
2
1
1
1
1
1
2
2
4
6
15
1
1
1
1
1
1
6
1
8
1
414
1
2
45
16
441
1
6
1
2
2
2
3
201
20
15
1
2
1
1
3
1
1
455
12
1
31
1
1
1
1
4
66
1
30
1
2
1
1
21
1
3
16
8
5
1
2
1
2
2
489
6
4
1
5
3
1
3
1
1
10
257
1
6
1
1
1
9
3
1
1
1
1
123
1
27
4
1
3
2
1
461
1
15
1
1
30
1
1
1
1
1
2
10
1
2
2
1
4
1
1
1
44
4
353
1
2
2
1
2
284
1
1
5
1
2
11
402
7
1
1
15
1
1
5
40
24
1
69
1
68
6
147
1
4
10
3
426
3
11
2
3
6
479
2
1
2
4
2
5
31
3
10
1
1
4
1
1
4
2
1
3
13
6
3
1
1
3
3
1
3
1
1
2
116
9
1
1
1
2
1
1
1
1
13
9
1
7
4
3
1
4
6
1
1
33
2
10
2
2
1
21
19
3
1
1
1
1
10
1
3
15
2
4
14
1
1
3
4
104
1
1
2
6
3
1
4
23
1
1
11
20
1
2
2
4
1
10
4
26
1
1
6
2
1
2
2
1
2
1
12
51
1
2
1
1
5
3
8
1
1
3
2
2
2
4
48
1
3
4
7
53
4
28
1
1
31
19
5
7
2
1
4
1
1
1
2
10
8
1
1
1
9
31
1
3
274
2
1
5
2
2
2
3
6
1
1
1
1
1
2
43
1
1
1
171
204
2
15
1
6
3
12
27
1
15
6
1
1
77
60
1
2
2
1
40
8
6
1
1
23
4
1
21
6
4
20
1
12
1
6
9
1
1
10
1
1
2
5
1
3
1
10
53
1
2
4
9
13
4
4
4
2
2
1
1
2
3
1
1
3
5
10
1
9
3
30
6
1
8
1
5
446
44
1
3
1
7
87
8
14
1
1
44
36
1
2
108
1
1
2
1
2
6
88
1
3
17
2
42
9
2
282
1
6
1
242
2
3
2
1
1
2
1
11
1
2
2
1
1
1
2
3
1
3
4
20
10
210
1
26
3
14
76
4
1
1
2
1
3
1
15
2
1
1
10
2
4
1
2
33
1
1
2
3
44
12
2
1
1
11
1
17
62
74
41
2
2
1
1
1
54
1
2
31
1
5
2
6
2
5
1
1
1
153
1
2
2
1
10
5
6
1
1
20
4
2
3
1
1
1
1
3
1
1
5
3
2
2
1
10
1
1
1
4
28
12
65
254
3
8
1
1
1
8
6
2
48
5
7
1
3
2
2
4
182
1
1
8
159
1
354
21
5
10
2
9
1
53
8
1
3
1
1
1
4
1
1
1
1
8
1
1
6
1
1
8
4
2
1
1
111
41
1
1
1
2
4
61
4
157
1
1
1
3
2
3
112
1
1
1
4
1
2
9
1
3
1
1
111
3
6
13
1
1
1
5
2
1
1
457
1
2
31
25
30
160
1
192
3
1
24
1
2
2
1
1
42
1
10
1
12
1
2
1
22
1
188
2
1
14
2
1
2
43
1
2
3
100
2
1
1
14
46
3
7
3
62
3
1
3
1
2
1
1
1
1
1
2
1
1
113
22
1
10
8
4
13
187
1
1
1
1
37
1
1
22
1
1
7
1
1
1
1
3
5
3
392
5
1
1
8
2
25
51
1
1
73
98
1
16
6
2
1
1
10
2
1
1
12
1
2
1
2
1
1
7
3
43
4
22
1
1
1
1
4
1
12
6
1
1
1
182
6
19
3
12
275
1
1
6
1
9
5
1
3
1
11
1
1
3
1
1
2
152
2
1
3
170
10
6
1
23
348
1
1
3
3
1
3
1
1
4
1
2
5
1
3
1
50
1
274
6
1
7
4
1
2
210
1
80
136
31
1
3
23
16
24
2
1
2
3
179
1
1
4
2
8
36
442
2
1
2
1
25
48
1
1
20
8
5
1
1
1
54
24
4
1
2
4
5
3
1
62
15
22
4
1
2
49
1
1
1
2
3
2
1
12
1
1
1
4
2
1
2
2
1
5
14
392
1
20
4
2
1
5
1
8
8
1
2
2
8
1
2
8
3
37
63
52
1
13
1
28
194
2
14
370
4
2
6
1
2
1
6
10
1
3
1
1
1
29
22
1
51
1
3
2
3
16
1
2
5
1
30
15
1
2
18
5
87
1
1
2
1
2
1
1
79
1
8
7
1
16
5
216
20
1
4
16
2
143
23
1
142
2
1
4
272
20
1
2
1
49
4
1
1
1
318
2
2
1
5
2
1
2
1
1
1
13
5
351
8
5
4
1
2
2
1
1
1
2
2
1
1
1
1
8
1
1
96
24
1
1
1
1
1
176
1
3
1
333
2
1
5
1
28
2
1
1
36
1
1
1
5
32
1
2
1
2
6
10
3
16
1
1
34
1
1
5
2
62
2
2
1
2
2
9
1
3
2
164
1
3
1
5
4
28
2
1
16
2
136
1
1
1
4
1
8
62
8
5
270
1
2
15
5
1
1
6
4
1
1
1
200
1
21
3
4
1
2
11
100
2
84
1
7
1
2
54
3
76
1
1
19
1
6
1
12
34
3
4
1
1
1
4
1
1
2
8
1
1
1
15
4
3
1
9
29
2
3
4
1
1
1
1
2
1
168
10
17
4
37
4
8
17
40
1
65
2
1
1
1
6
9
10
2
11
2
1
6
1
3
9
1
8
1
1
254
3
1
16
3
2
268
1
2
47
5
2
1
103
1
6
3
2
18
14
4
1
1
3
1
1
46
1
21
45
1
2
1
1
1
140
11
1
1
3
321
2
2
3
304
4
61
2
1
2
1
1
11
1
426
4
23
3
123
2
12
2
4
7
13
1
1
1
2
1
1
72
6
1
14
15
1
64
42
1
27
1
2
1
1
8
1
1
2
3
1
30
1
1
1
1
9
184
1
10
1
2
2
2
13
3
405
4
6
4
2
1
4
479
1
47
5
5
4
1
296
1
4
11
26
1
16
34
7
11
1
1
2
2
1
6
2
1
229
1
1
432
1
2
310
17
2
1
5
22
2
5
95
12
4
1
3
3
20
8
1
5
4
7
30
2
5
1
1
1
2
1
1
2
1
6
45
2
2
2
65
1
3
42
11
1
8
4
5
4
10
1
3
3
4
1
2
1
1
5
4
2
1
111
1
1
13
19
17
6
1
2
5
1
12
28
3
2
3
1
3
2
1
1
1
1
12
1
26
10
5
1
1
131
7
2
4
7
61
23
4
3
1
4
1
1
18
4
4
20
1
1
28
3
1
1
1
2
95
1
2
2
1
5
1
10
2
2
3
5
2
2
2
2
1
1
1
2
6
1
2
13
1
1
1
2
1
1
109
1
15
2
4
3
1
4
1
210
34
2
4
27
1
81
1
208
1
1
3
1
1
6
3
31
1
3
1
2
1
3
1
2
2
1
9
1
1
1
1
1
2
9
2
2
2
1
1
4
3
59
2
1
1
2
2
1
2
78
1
20
4
4
3
9
195
3
2
1
1
66
15
1
6
395
10
2
1
3
35
1
2
1
7
1
1
6
123
2
3
413
1
2
13
1
1
494
2
16
1
3
63
1
5
1
3
4
1
6
8
40
3
1
10
2
10
6
1
1
453
10
1
15
6
1
3
314
6
2
83
3
6
6
1
8
1
1
1
1
55
4
4
4
2
15
7
1
4
20
26
4
2
1
1
105
1
1
21
12
1
1
1
8
3
2
2
5
1
4
1
1
1
14
1
1
3
2
1
1
1
1
1
1
1
2
1
1
1
1
2
1
3
73
1
4
406
4
1
4
3
1
1
314
1
7
12
22
1
15
3
31
1
1
1
1
17
37
1
4
45
1
1
1
59
56
1
53
28
1
1
7
4
9
1
1
109
3
43
1
3
1
119
4
1
1
1
281
1
1
2
5
1
1
1
1
9
21
6
23
45
4
42
1
47
2
3
1
16
1
96
1
5
1
3
15
3
1
12
4
6
45
4
2
1
1
8
3
1
2
2
2
3
55
2
14
8
4
1
1
8
1
2
2
2
45
83
42
1
4
2
2
19
1
24
313
20
1
18
1
1
2
2
33
411
1
4
4
17
102
1
2
5
1
1
1
2
1
1
2
3
1
1
1
1
2
3
2
96
34
1
1
1
14
1
1
11
104
60
7
1
1
189
460
3
1
2
1
1
2
1
1
14
1
17
5
1
11
1
36
1
1
32
5
237
1
1
1
8
1
3
42
1
6
1
1
1
1
1
3
309
4
49
1
19
15
2
8
2
1
1
90
3
1
1
1
4
21
1
1
1
1
6
4
4
7
55
1
1
10
11
1
10
13
1
3
1
14
3
1
6
1
1
2
1
3
1
74
1
2
1
1
1
1
1
2
4
4
12
2
33
1
2
1
8
22
11
3
37
1
335
1
1
75
16
2
78
4
1
1
1
1
9
1
1
7
11
1
5
20
1
1
43
1
1
1
1
2
1
1
1
4
8
1
1
4
13
1
1
77
8
1
2
1
357
3
1
4
1
7
1
2
3
1
2
2
206
1
2
1
1
2
1
8
4
1
1
2
1
1
13
190
8
1
8
2
2
1
3
2
1
3
4
1
2
48
1
14
1
35
1
1
1
6
1
1
1
1
2
1
1
1
1
28
1
2
1
1
11
1
13
2
2
3
1
3
2
2
1
3
1
7
6
1
2
113
10
1
11
1
7
1
92
6
1
1
1
6
2
2
1
2
4
143
1
1
3
2
3
20
2
1
1
15
1
4
1
81
20
2
2
4
2
2
2
9
4
1
8
2
1
4
1
16
2
3
41
1
11
2
1
4
2
1
86
4
1
1
1
1
1
2
21
4
1
1
1
12
1
1
8
3
9
7
2
2
2
1
31
2
3
1
3
3
66
1
2
61
2
2
1
1
1
1
52
1
2
1
2
21
2
5
1
4
1
2
2
2
2
1
1
1
1
172
4
2
1
1
3
5
41
1
15
8
8
1
1
10
1
1
4
22
21
1
1
11
1
3
30
2
2
4
42
36
1
1
59
1
4
5
1
2
34
17
11
2
3
1
1
4
2
90
65
9
1
5
1
1
2
19
1
1
3
417
2
1
1
1
1
5
3
348
1
157
1
2
2
55
3
1
1
2
1
9
1
2
3
2
6
17
1
1
9
7
2
1
3
2
2
3
2
18
1
1
1
19
5
16
16
4
1
1
1
2
1
1
1
1
261
3
3
1
5
2
15
3
1
2
1
2
10
92
4
3
7
1
20
2
1
426
1
2
7
33
1
4
126
22
2
364
1
14
7
2
4
2
176
2
2
33
1
28
1
1
2
7
1
1
404
3
1
10
6
2
1
22
1
1
1
10
20
11
4
331
2
1
2
5
3
147
3
1
131
8
2
1
4
1
1
6
12
1
2
3
2
1
426
1
10
1
1
13
13
12
4
1
1
111
18
52
1
273
1
1
3
2
6
5
1
3
2
31
2
1
23
78
1
23
11
2
449
3
16
1
1
1
1
1
1
7
1
1
18
1
1
7
3
7
154
54
1
1
6
3
2
4
51
22
1
23
16
168
1
5
1
143
3
1
3
1
2
15
3
54
6
14
1
1
28
12
2
5
2
6
19
14
2
1
3
2
1
1
6
149
1
1
1
1
20
1
4
1
30
1
9
11
2
2
1
17
2
1
3
1
1
2
1
2
19
1
1
3
1
18
1
165
1
2
2
2
1
2
1
1
8
15
1
4
5
1
2
1
2
1
1
4
100
1
2
57
1
51
3
2
9
23
29
1
3
2
1
2
9
9
1
2
3
1
2
1
1
3
1
2
3
7
1
2
4
1
4
47
2
54
5
1
2
12
3
1
15
1
10
1
3
2
102
1
1
61
1
1
1
3
1
10
1
1
1
1
4
17
1
1
17
9
1
15
1
2
2
18
1
3
3
60
1
2
1
12
1
6
1
6
1
1
1
19
434
2
1
2
5
15
1
13
1
5
66
1
25
17
4
1
1
23
2
33
2
1
392
250
139
11
3
2
450
373
1
3
1
3
1
5
1
14
9
16
2
9
14
4
3
14
22
1
7
2
2
56
16
1
1
10
2
1
1
1
56
2
1
1
2
1
2
14
24
3
15
3
1
13
1
43
1
50
14
26
8
2
2
1
1
8
1
8
1
100
1
13
2
16
1
1
1
1
1
1
1
4
5
1
8
292
62
1
1
10
4
1
1
2
14
1
2
14
8
1
7
3
1
9
21
2
1
460
13
1
1
7
30
1
4
49
2
22
86
8
1
14
1
22
13
5
1
1
1
4
11
5
12
25
1
3
22
1
1
4
21
17
1
2
2
3
2
2
1
5
23
26
4
1
44
1
36
1
51
44
17
1
1
4
3
9
444
1
1
2
1
44
134
47
300
7
17
4
1
9
1
6
1
1
1
25
136
1
1
112
2
2
1
1
134
1
11
1
1
11
2
9
1
36
3
4
1
7
3
1
44
1
2
2
2
357
16
6
1
1
1
1
27
64
15
3
7
1
1
4
1
147
1
1
10
10
7
1
1
2
6
166
3
1
3
137
4
1
2
1
1
5
10
1
9
1
5
1
1
4
1
7
88
6
2
2
2
461
3
1
5
1
3
16
5
19
1
15
2
1
1
12
11
5
1
28
1
3
1
1
1
415
1
336
222
83
1
6
15
4
263
1
27
8
1
9
399
1
10
5
9
2
1
1
2
5
4
1
498
3
1
2
24
1
1
22
1
8
2
1
1
2
6
1
1
2
35
25
1
2
1
10
1
1
2
2
1
4
2
1
2
2
2
17
2
436
1
1
2
3
2
4
3
374
33
1
4
9
5
1
1
99
1
3
1
2
1
1
2
5
1
6
248
1
1
1
157
3
14
2
1
1
165
1
16
28
1
1
18
2
6
18
40
1
3
1
150
3
1
3
3
9
1
40
3
8
2
2
13
117
3
1
3
4
1
50
1
463
120
7
7
3
1
1
7
30
50
2
1
4
4
1
73
2
4
1
6
496
5
96
7
2
27
6
2
50
5
12
20
2
1
1
1
1
2
2
1
1
1
1
1
24
6
216
47
1
2
1
3
5
17
8
1
1
4
8
4
2
1
1
1
29
14
5
15
2
6
2
1
56
4
12
1
1
1
2
2
1
57
1
216
99
1
3
1
1
4
2
12
211
1
5
1
3
1
1
59
2
76
2
1
10
1
59
1
1
24
19
1
5
1
1
3
2
4
9
3
2
1
1
7
11
3
1
1
21
333
2
1
2
1
31
12
2
8
39
3
16
1
3
40
2
2
1
2
122
19
3
1
2
3
1
119
1
2
1
3
1
4
3
1
20
4
1
8
2
10
315
1
1
1
1
28
4
2
1
111
7
1
176
33
3
176
1
29
3
36
7
10
1
1
2
145
1
2
3
1
1
4
27
2
2
2
1
6
9
1
5
1
1
197
1
21
2
12
1
12
5
1
1
38
1
2
68
1
1
24
3
1
264
3
1
1
151
4
1
39
1
1
1
7
1
2
7
1
1
2
8
1
397
10
1
3
1
2
1
7
59
7
1
113
20
2
1
1
1
2
7
1
3
1
1
1
1
5
1
89
1
7
1
18
1
238
402
1
7
1
5
2
481
1
7
2
8
5
1
1
2
2
1
1
8
13
1
1
16
1
28
2
6
2
27
1
3
3
1
4
10
77
1
10
1
1
1
133
1
78
2
2
4
1
3
1
3
1
1
3
1
15
2
4
35
6
1
26
2
9
1
1
2
9
16
1
23
1
4
8
1
2
2
2
2
1
21
2
1
1
1
2
1
1
1
5
68
2
37
13
3
8
1
13
1
1
7
1
1
1
5
12
2
1
1
1
1
6
5
1
1
1
14
420
5
11
19
32
1
1
267
12
1
467
8
1
2
1
1
7
1
1
1
4
6
9
2
1
15
239
1
31
73
1
2
1
1
1
3
3
1
11
1
1
16
1
2
1
2
33
29
1
75
1
1
2
98
2
12
2
2
5
1
2
12
1
1
1
11
1
3
9
1
120
6
166
17
35
13
150
358
1
1
4
17
1
8
3
61
1
1
1
65
4
1
3
1
1
4
22
1
21
4
1
2
10
29
2
384
8
1
123
1
1
30
2
1
4
1
338
1
3
1
5
4
1
42
8
2
163
5
2
1
39
1
3
16
1
2
2
23
38
37
2
1
31
1
3
1
21
1
6
5
4
1
1
1
1
2
57
1
17
97
1
1
1
1
1
1
1
4
1
1
4
191
5
1
6
11
2
1
1
1
5
1
1
5
16
3
31
33
1
1
1
3
1
2
1
11
1
125
3
1
2
7
10
71
2
1
1
3
1
10
1
1
1
1
1
75
2
2
359
9
317
2
1
2
1
1
35
3
1
3
60
122
1
5
2
1
1
2
1
1
1
404
1
1
1
16
3
2
2
13
17
33
1
4
1
3
1
2
2
32
1
3
1
1
144
6
7
2
1
1
8
311
1
32
26
5
1
2
24
1
8
4
7
10
1
1
33
2
20
10
2
1
75
1
22
5
2
1
7
2
3
1
1
1
1
4
1
2
13
1
2
3
25
145
1
2
1
9
6
7
1
5
13
2
2
2
2
2
38
1
10
4
1
7
1
1
3
7
3
63
4
2
2
2
8
427
8
126
40
75
9
1
1
1
397
3
276
8
23
45
1
4
1
1
282
1
1
3
2
1
3
1
37
13
12
18
8
1
105
1
3
1
1
4
2
30
2
1
10
1
1
1
1
2
2
9
3
1
5
1
1
8
1
1
2
6
316
1
1
1
3
3
2
15
1
1
1
1
3
7
9
1
1
8
1
1
1
8
6
1
1
3
1
8
16
9
440
2
26
3
308
1
1
1
5
2
4
1
1
3
48
5
6
1
12
127
2
3
7
4
2
3
1
238
1
3
127
1
1
1
1
34
1
1
6
48
2
1
6
1
1
10
1
1
3
1
1
1
1
25
425
14
1
57
6
1
48
1
1
1
106
8
2
4
9
23
2
7
1
3
11
6
8
3
6
1
1
2
8
2
1
3
1
1
13
1
6
1
1
1
5
1
2
3
2
1
1
2
234
2
1
12
2
1
3
4
12
1
1
10
1
4
1
1
1
1
3
1
6
2
306
1
2
1
12
33
1
3
4
1
6
14
4
6
27
1
59
1
1
1
1
1
1
21
3
4
2
4
1
44
1
6
67
3
14
1
2
408
483
17
3
2
3
1
1
6
1
1
8
10
1
4
56
1
1
5
17
2
28
175
2
1
1
6
1
2
1
61
1
2
1
8
13
3
2
1
7
347
2
3
1
1
1
2
1
1
2
1
1
1
2
1
14
1
1
11
3
22
35
3
9
1
15
3
1
3
1
1
6
1
21
1
176
29
15
1
1
8
1
5
20
3
3
88
4
4
1
2
6
1
1
3
5
1
2
1
25
4
1
1
1
1
1
1
2
1
306
1
2
15
1
2
1
3
1
1
5
3
15
2
1
6
3
11
1
2
1
8
1
13
28
3
110
21
23
1
3
10
451
1
1
18
12
1
4
2
4
1
44
1
26
1
22
1
3
2
1
1
1
1
482
4
1
10
19
1
336
15
14
1
2
11
1
1
4
9
3
1
1
1
1
1
1
4
1
1
10
1
2
3
1
2
1
2
13
1
1
3
9
2
92
20
1
1
1
27
15
1
1
2
1
41
6
26
5
1
1
24
1
452
1
2
1
55
18
1
3
1
22
120
1
7
5
1
1
1
15
1
1
69
1
1
10
4
10
1
1
1
3
2
1
8
11
99
66
1
1
1
3
5
278
2
1
3
2
1
1
1
1
1
1
1
22
24
4
4
3
1
42
31
5
3
3
1
1
2
15
1
2
6
9
1
71
5
1
20
6
1
4
1
1
1
15
8
3
5
1
1
1
7
11
5
2
2
76
1
2
1
5
1
1
1
1
1
5
1
9
2
14
2
12
1
5
1
1
3
5
1
6
11
1
16
157
1
1
5
20
10
2
2
1
2
1
2
304
1
1
1
26
1
15
1
1
1
1
7
5
11
1
2
4
1
1
1
1
1
1
1
1
4
39
1
4
10
1
4
1
125
1
1
24
2
1
1
17
1
3
2
335
1
1
1
1
2
1
3
2
1
1
1
1
2
2
2
1
1
1
1
2
1
2
120
3
1
2
1
1
5
2
5
5
3
5
112
1
1
1
174
2
105
59
8
5
107
1
7
1
2
1
287
1
3
355
25
143
1
2
2
1
7
2
89
7
1
3
5
12
3
23
1
1
72
3
3
1
1
2
32
1
1
1
3
1
9
2
1
2
1
4
12
1
9
5
37
1
2
1
1
439
1
1
2
2
3
1
1
2
1
1
1
2
10
27
2
1
2
21
1
1
1
1
1
1
1
22
1
1
2
6
3
34
1
2
2
1
1
2
489
23
3
82
1
1
66
2
3
1
79
3
4
87
1
2
48
95
1
3
2
1
1
2
1
13
4
1
6
4
8
1
1
107
2
5
1
4
4
2
1
1
2
1
1
1
8
2
1
1
1
2
10
1
2
1
3
1
24
5
237
11
4
24
1
1
403
1
78
1
13
16
2
6
3
2
1
1
1
16
35
20
1
2
1
2
10
33
1
18
330
8
1
6
1
2
1
2
3
1
1
135
78
1
1
19
1
310
1
35
4
33
7
13
2
1
2
1
42
1
23
4
187
10
1
7
1
1
2
82
1
1
3
5
1
270
4
285
4
1
3
2
1
47
2
37
2
1
1
335
6
300
2
1
6
79
1
2
1
17
3
1
1
15
3
3
1
3
85
1
11
97
1
10
3
1
3
86
423
139
16
1
4
3
21
66
1
7
8
2
2
1
3
29
1
1
143
1
3
1
1
23
22
2
1
15
1
5
21
1
28
24
2
4
1
1
1
12
4
1
1
129
1
1
8
1
1
8
1
8
1
68
35
2
2
31
12
27
3
4
2
18
5
1
22
155
23
1
10
24
1
4
1
2
2
1
48
1
5
1
4
28
1
2
1
2
1
10
1
1
1
1
6
11
2
3
13
1
1
1
1
2
2
1
1
1
1
398
3
4
1
1
2
22
1
1
88
92
2
8
6
182
1
299
1
1
1
1
11
3
15
1
1
30
3
56
1
17
11
113
4
5
2
8
1
1
187
1
11
7
19
5
2
491
2
1
9
1
1
3
27
115
1
1
3
1
16
3
1
1
1
2
1
1
1
1
2
1
9
2
1
2
38
1
12
1
3
9
2
1
205
9
1
3
4
2
1
1
1
2
4
2
68
1
390
8
9
1
493
1
1
4
5
3
1
1
1
6
1
2
1
3
1
8
1
1
5
1
28
4
2
1
2
1
4
60
17
1
1
322
3
1
2
1
14
1
1
7
20
2
1
2
8
33
2
7
20
1
3
2
14
1
3
10
12
4
1
9
19
2
9
17
15
3
2
10
3
4
1
1
2
7
1
20
1
6
1
1
1
3
182
15
1
1
46
2
3
4
1
2
109
8
3
31
1
15
82
13
1
33
8
1
63
1
2
50
3
1
1
3
1
7
1
3
75
1
5
1
3
9
2
1
3
1
1
1
1
4
3
45
1
1
2
38
1
1
3
465
1
370
1
2
1
2
1
3
4
2
140
31
3
5
1
6
3
1
8
5
4
1
7
125
97
1
1
11
10
16
6
1
1
2
1
332
2
29
1
1
10
88
1
165
1
2
8
3
4
44
8
2
1
1
1
2
4
1
14
1
1
1
1
11
8
1
74
2
1
2
2
2
3
9
27
5
1
17
1
1
1
1
29
2
2
4
1
2
7
6
1
7
4
2
1
1
1
2
2
3
1
1
2
1
43
2
1
1
1
39
1
3
61
56
1
1
2
110
7
3
1
3
7
1
1
1
2
1
1
1
2
1
24
1
2
1
1
7
4
2
1
4
3
1
1
1
1
6
1
1
2
1
3
4
2
1
1
72
15
2
10
6
1
1
6
8
3
3
13
5
3
4
2
9
4
1
1
1
2
1
2
11
1
16
9
1
3
26
95
5
11
1
156
11
2
8
1
1
7
3
1
1
1
42
43
1
1
5
14
1
1
6
6
48
1
3
1
1
1
1
3
1
3
1
2
1
7
394
1
2
2
2
2
4
1
1
3
1
4
1
1
1
1
6
463
1
1
2
1
2
1
1
6
1
14
4
1
4
1
5
1
2
1
2
2
1
1
17
1
28
1
8
7
10
7
106
1
3
12
1
1
8
11
1
33
1
1
1
2
1
6
2
1
5
3
1
5
11
1
1
4
13
1
1
6
108
1
7
2
1
1
1
2
1
1
1
1
11
4
85
2
11
92
14
211
39
53
11
98
1
2
140
14
1
1
28
1
3
1
94
4
1
2
1
1
52
52
1
1
51
4
1
2
1
4
9
1
2
10
1
2
3
15
1
17
33
1
1
2
3
2
157
1
1
5
71
9
1
10
1
1
1
5
3
14
1
1
4
2
16
6
1
1
29
1
13
3
3
4
2
2
2
1
14
1
4
63
6
3
5
63
213
1
3
2
2
86
12
2
1
1
1
1
1
14
3
10
5
1
1
48
4
6
2
170
1
1
21
1
21
193
12
1
1
5
2
400
11
2
1
9
1
14
1
24
12
23
7
1
1
1
2
2
1
1
2
2
5
1
1
1
2
1
31
2
1
1
63
1
4
1
9
4
1
3
4
1
15
1
9
479
1
143
1
24
1
2
2
1
6
8
1
23
4
1
1
1
1
30
1
22
1
4
1
1
6
32
2
92
7
7
39
1
1
2
1
1
2
1
5
1
15
3
1
1
1
1
9
9
1
20
3
1
42
5
2
2
2
1
2
2
12
1
1
1
17
18
1
4
9
1
1
24
18
6
20
1
1
3
1
1
1
13
3
1
1
1
11
4
3
1
1
1
1
1
1
1
8
1
2
4
3
3
1
1
1
1
4
1
2
134
4
335
8
1
7
1
1
1
1
20
140
74
13
1
23
33
2
44
5
43
8
2
5
2
449
30
1
1
1
36
17
1
1
3
1
1
1
1
1
3
1
1
1
392
1
2
1
10
2
22
2
2
168
7
1
4
21
1
2
41
4
1
1
79
9
3
4
10
1
1
10
32
1
11
9
1
1
216
1
1
9
8
1
1
1
2
29
8
11
1
8
456
13
7
1
11
1
6
1
1
5
207
1
1
3
51
2
1
26
8
1
1
436
13
1
379
405
1
14
1
1
22
22
2
118
1
17
8
1
4
107
4
370
1
2
6
2
26
1
20
4
1
1
4
1
2
8
1
1
41
1
2
2
1
1
1
53
1
1
1
399
3
1
1
1
1
1
8
1
5
2
3
1
17
4
8
4
1
2
1
10
1
1
2
1
2
1
28
1
1
2
1
4
4
77
25
2
103
2
1
8
5
5
1
1
2
1
3
2
1
4
25
1
1
1
11
1
1
36
2
2
1
11
57
20
1
1
1
1
1
2
2
1
1
1
1
4
8
8
24
105
1
2
40
14
5
30
4
24
495
16
39
1
1
26
1
2
1
7
1
13
70
4
25
1
1
1
1
2
5
1
1
14
1
15
1
5
4
291
85
3
1
2
1
25
3
1
45
2
1
5
5
1
109
7
1
1
2
1
4
2
3
1
4
1
1
1
2
164
1
5
1
5
1
1
1
22
131
4
1
9
1
1
91
2
1
27
10
2
6
9
1
1
2
15
1
10
1
1
2
1
1
1
32
1
59
18
3
1
4
1
9
1
1
1
208
2
1
1
1
8
1
1
20
5
2
18
2
1
1
3
1
113
82
5
1
1
31
24
1
2
1
1
1
2
150
2
50
3
3
6
3
1
40
18
5
6
5
1
19
3
1
17
1
1
1
1
3
1
5
38
1
10
179
2
5
4
9
2
12
9
13
2
1
3
2
482
3
1
5
2
1
1
1
36
2
2
2
18
1
1
2
28
11
2
1
9
1
9
2
1
1
1
1
106
1
1
6
18
1
1
1
1
1
282
2
2
2
88
3
2
9
96
1
9
477
2
1
1
4
8
4
1
119
2
2
32
391
1
6
1
3
1
10
7
1
2
2
1
1
3
8
1
1
2
4
2
1
1
11
83
1
1
1
4
1
23
3
1
32
3
1
2
6
2
29
1
3
9
3
13
5
3
1
1
16
1
17
1
8
1
2
101
2
1
2
5
3
1
1
1
1
1
9
82
1
3
1
20
1
156
1
1
1
15
6
1
2
1
38
1
1
1
56
2
8
2
1
1
1
1
3
1
1
2
3
4
15
63
9
1
9
3
1
1
1
1
1
1
173
1
6
7
90
1
1
20
1
1
1
2
1
5
1
2
3
9
5
7
3
12
1
1
7
1
1
2
3
1
23
354
1
4
1
1
1
3
2
135
11
2
2
1
6
1
19
1
22
1
16
3
2
66
12
8
1
3
1
1
1
2
1
57
1
1
1
1
1
1
3
1
1
1
1
1
2
1
2
2
1
2
1
6
8
7
1
3
1
15
9
3
16
2
60
5
2
1
15
1
1
1
1
16
1
16
1
10
3
1
2
1
2
5
1
2
61
9
7
1
2
1
1
4
26
6
1
1
1
1
1
4
1
1
1
7
3
1
2
4
4
1
15
2
3
367
4
1
1
2
16
1
1
2
2
6
1
1
1
350
1
12
1
1
1
1
2
1
1
479
2
1
10
1
12
17
1
3
1
6
2
1
4
86
17
12
2
2
4
1
3
2
2
4
2
5
3
1
17
1
1
1
1
31
3
2
20
5
1
41
1
206
1
6
1
3
1
8
1
1
1
1
2
62
1
24
12
3
1
4
2
1
1
1
3
5
9
1
1
3
1
1
356
16
1
2
7
442
1
1
2
2
1
187
19
1
1
5
1
1
2
1
7
210
6
50
4
1
1
18
4
78
1
3
2
2
185
40
31
1
59
7
1
1
9
3
1
57
2
2
4
8
1
1
14
2
2
1
14
2
1
142
1
1
5
45
7
1
46
8
1
1
1
1
12
2
10
6
1
1
1
7
25
1
1
1
1
1
284
14
7
1
1
9
19
1
1
1
2
2
1
60
7
2
1
1
7
15
15
13
2
1
11
2
2
2
1
1
1
1
2
1
108
9
20
1
1
38
3
2
1
5
4
6
3
1
1
2
1
1
2
7
3
3
6
7
3
32
2
1
2
1
5
1
3
1
18
13
5
1
2
1
13
7
22
1
5
39
12
1
1
1
2
1
1
2
1
4
30
1
1
1
16
1
2
1
1
2
10
9
1
1
10
8
2
95
5
1
38
2
22
2
1
373
1
4
1
1
16
1
1
2
2
1
1
70
1
8
1
10
3
5
1
6
1
1
1
24
1
1
58
11
23
19
6
44
2
3
1
1
1
28
84
1
1
24
1
10
1
2
2
4
47
1
1
259
4
10
2
4
25
17
2
3
3
12
1
7
232
1
3
17
1
27
3
5
3
3
4
1
2
1
1
2
1
1
1
4
4
1
1
1
1
1
3
5
8
1
1
1
2
4
35
4
9
84
1
2
16
15
1
1
2
11
1
1
1
14
1
4
261
71
104
12
252
52
4
12
2
48
1
12
1
33
2
1
2
1
1
4
3
1
1
1
1
9
6
1
2
9
4
1
17
1
1
1
3
2
6
15
4
1
1
2
1
2
2
1
1
1
10
48
3
8
13
1
1
454
301
39
1
1
2
1
1
1
1
1
1
38
7
8
3
32
1
6
1
15
13
1
1
1
1
1
2
1
1
1
3
2
1
2
1
17
52
25
19
21
29
1
1
1
3
5
2
6
2
4
1
7
44
7
1
5
1
1
9
78
1
1
11
1
1
9
9
1
1
1
1
107
1
1
11
2
7
297
11
48
1
2
79
1
2
1
1
1
36
3
1
1
132
1
58
101
3
1
1
1
2
1
5
6
2
4
6
1
4
186
1
1
1
14
127
1
1
7
10
8
126
4
8
2
3
1
1
5
4
1
1
3
6
8
84
1
8
1
1
1
1
4
1
1
3
1
1
3
1
1
1
38
1
1
1
1
53
1
1
3
1
3
21
27
1
9
6
1
6
1
296
6
6
14
1
6
11
3
2
1
8
1
1
2
54
158
33
1
1
41
3
1
1
2
22
1
24
20
1
8
7
1
228
2
1
1
1
34
1
85
2
6
3
2
15
1
7
1
4
307
45
16
1
45
1
402
159
5
1
33
1
1
15
15
8
9
2
1
11
2
1
5
2
8
12
1
1
3
2
400
1
1
2
3
2
4
1
10
21
1
1
1
21
1
5
1
13
1
9
7
98
7
1
1
1
1
1
4
4
25
2
1
5
1
1
1
53
5
5
10
40
2
2
7
40
22
85
1
5
69
2
3
1
1
1
1
16
1
2
2
14
1
1
1
2
10
1
5
1
6
1
1
2
1
5
3
1
1
4
3
31
1
3
21
5
1
1
5
1
1
2
1
3
12
18
1
6
1
1
2
3
1
1
1
1
2
4
7
2
1
2
1
12
13
1
1
1
1
1
79
1
25
409
2
2
2
2
1
6
2
2
3
1
1
3
1
17
1
1
2
1
10
2
7
2
2
1
1
4
4
5
2
5
33
3
38
1
2
1
1
1
1
101
1
3
1
2
29
1
1
5
1
226
1
5
4
1
20
17
111
10
2
2
2
6
2
4
1
1
133
1
9
8
18
7
3
1
1
2
1
21
18
1
2
2
1
5
30
1
12
